0 199.92587280273438
1 184.24700927734375
2 192.3779296875
3 200.80056762695312
4 206.8757095336914
5 214.86498260498047
6 215.21101962064319
7 163.44806671142578
8 247.7680377629892
9 196.0282211303711
10 205.13640594482422
11 183.00540924072266
12 218.557373046875
14 275.5691375732422
15 201.33629711873033
16 179.41195678710938
17 185.9765853881836
18 165.26097106933594
19 233.5247573852539
20 198.04299926757812
21 188.7188720703125
22 214.28477478027344
23 161.5119857788086
24 172.91332244873047
25 217.88937377929688
26 208.55789947509766
27 187.65113830566406
28 223.43567657470703
29 153.18748474121094
30 233.03814697265625
32 265.32232666015625
34 228.0169906616211
35 190.1365509033203
36 203.8013458251953
37 248.6067473366191
38 206.90347290039062
39 190.76844024658203
40 183.49431610107422
41 175.39791107177734
42 182.1792755126953
43 189.12909698486328
44 249.21465301513672
45 231.92991638183594
46 201.5313262939453
48 242.63683319091797
49 211.42949676513672
50 266.0428009033203
51 163.8741226196289
52 211.9563980102539
53 168.81126403808594
54 187.29532623291016
55 218.298095703125
56 209.5272445678711
57 241.51712799072266
58 253.94803778279618
59 205.97735595703125
60 199.91349029541016
61 241.50039672851562
62 182.02549743652344
63 220.20895385742188
64 241.1528549194336
65 250.18238067626953
66 211.52337646484375
67 242.05337524414062
68 198.08203887939453
69 252.618408203125
70 202.23668670654297
71 187.04341888427734
72 208.16619873046875
73 247.68878173828125
74 213.59249877929688
75 209.3985366821289
76 214.00119018554688
77 185.62215423583984
78 198.73736572265625
79 256.46031188964844
80 269.14427185058594
81 222.08055114746094
82 196.23464965820312
84 207.86786651611328
85 250.99331665039062
86 236.4260025024414
87 230.63361358642578
88 207.71824645996094
89 209.26386260986328
90 234.2755355834961
91 214.5785675048828
92 176.98361206054688
93 204.31097412109375
94 218.54183959960938
95 187.15998077392578
96 217.1438980102539
97 200.4311065673828
98 276.7900695800781
99 185.63404846191406
100 221.16461181640625
101 173.078125
102 211.01811981201172
103 174.50514221191406
104 258.72076416015625
105 238.5155792236328
106 194.40386199951172
107 217.0216827392578
108 175.07716369628906
110 176.8094711303711
111 221.9610595703125
112 241.89048767089844
113 251.03246307373047
114 193.54379272460938
115 202.9938201904297
116 321.21923828125
117 230.4038314819336
118 224.31664276123047
119 209.8037872314453
120 138.3194351196289
121 211.857421875
122 197.31016540527344
123 230.4175262451172
124 209.05077362060547
125 218.8356704711914
126 180.13191986083984
127 212.09329986572266
128 187.02870178222656
129 230.54708862304688
130 208.82228088378906
131 182.7979965209961
132 206.5908660888672
133 200.89138793945312
134 192.59575653076172
135 204.24093627929688
136 210.91790008544922
137 198.4347915649414
138 162.29200744628906
139 205.97759246826172
140 244.7391357421875
141 212.28134155273438
142 227.7650375366211
143 250.25552368164062
144 270.0381164550781
146 184.84666442871094
147 191.7939453125
148 226.3844223022461
149 195.0952377319336
150 221.61181640625
151 240.26303100585938
152 201.89461517333984
153 195.95985412597656
154 232.1591033935547
155 220.74414825439453
156 251.87924194335938
157 190.5349578857422
158 239.10240173339844
159 198.6695098876953
160 211.689208984375
161 180.9106674194336
162 224.71884155273438
163 205.88977813720703
164 217.71562821254378
165 180.20795440673828
166 187.1186065673828
167 182.50481414794922
168 166.48223114013672
169 195.4624786376953
170 232.59588623046875
171 163.13368225097656
172 240.02560424804688
173 228.60015106201172
174 184.33876037597656
175 176.9205322265625
176 178.49344635009766
177 213.70729064941406
178 232.68366241455078
179 252.31790924072266
180 172.60469818115234
182 217.02935028076172
183 151.59071350097656
184 240.0443572998047
185 238.5243148803711
186 205.8551025390625
187 209.31206512451172
188 226.54615020751953
189 188.49132537841797
190 194.05390167236328
191 182.50833129882812
192 227.1352767944336
193 221.78175354003906
194 209.4937286376953
195 171.77918243408203
196 211.84873962402344
197 227.75348663330078
198 256.47805424536034
199 217.25023651123047
200 232.49578094482422
201 179.14525604248047
202 185.69920349121094
203 204.83963775634766
204 222.91050720214844
205 238.21735382080078
206 190.94268798828125
207 209.5098876953125
208 172.88494110107422
209 231.67527770996094
210 249.07849884033203
211 142.5602569580078
212 163.36822509765625
213 246.68697357177734
214 241.02928161621094
215 184.36637115478516
216 210.92760467529297
217 230.66790008544922
218 214.70345306396484
219 203.64879608154297
220 199.27466583251953
221 239.15367889404297
222 205.6951675415039
223 205.73678588867188
224 172.7594757080078
225 216.62032318115234
226 183.7183837890625
227 235.60018585077933
228 275.28367614746094
229 148.22100067138672
230 254.08953094482422
231 195.85391235351562
232 211.39859008789062
233 198.31265258789062
234 173.0463104248047
235 185.61681365966797
236 147.16837310791016
237 246.2988739013672
238 197.800537109375
239 170.56312064899055
240 153.7401885986328
241 225.61351013183594
242 204.3667221069336
243 227.09849548339844
244 161.26669311523438
245 208.9363250732422
246 199.76840209960938
247 233.80609893798828
248 227.2925033569336
249 205.43321178917682
250 195.11820220947266
251 192.84463500976562
252 196.46031951904297
253 204.2914581298828
254 178.86280059814453
255 208.21051788330078
256 196.0405044555664
257 206.0143814086914
258 224.10409545898438
259 229.68772888183594
260 271.33282470703125
261 185.24253845214844
262 239.87486267089844
263 213.42607879638672
264 230.1925392561227
265 230.34767150878906
266 225.2572784423828
267 168.11366271972656
268 213.52243041992188
269 227.85581970214844
270 189.0036849975586
271 240.17886352539062
272 183.93341064453125
273 218.20579528808594
274 209.67698669433594
275 210.71478271484375
276 214.83667755126953
277 236.00120544433594
278 178.9782257080078
279 200.86272430419922
280 240.9325408935547
281 257.2715759277344
282 210.61641693115234
283 265.5112762451172
284 208.34860229492188
285 207.3108367919922
286 227.7211812472089
287 200.7191925048828
288 195.36255645751953
289 233.52115631103516
290 220.11357879638672
291 200.18777465820312
292 221.83529663085938
293 182.10887145996094
294 223.03866577148438
295 210.58043670654297
296 219.8732452392578
297 224.8029556274414
298 189.83428192138672
299 210.17428588867188
300 269.84547424316406
302 186.2719268798828
303 197.77271270751953
304 193.90760040283203
305 244.1941146850586
306 191.02971131943005
307 248.17408752441406
308 207.8901824951172
309 171.90644073486328
310 235.23260498046875
311 215.5055160522461
312 220.63002014160156
313 235.9047088623047
314 247.02625274658203
315 199.90074157714844
316 255.94268035888672
317 185.20027923583984
318 214.42288208007812
319 236.03404235839844
320 211.2945098876953
321 157.09764099121094
322 252.09133911132812
323 202.10398864746094
324 165.92779541015625
325 237.2363739013672
326 165.50951385498047
327 208.057861328125
328 209.6787109375
329 190.49585723876953
330 217.36051177978516
331 201.77356719970703
332 174.064697265625
333 220.61172485351562
334 207.2141342163086
336 202.04230499267578
337 189.0933380126953
338 208.76626586914062
339 198.94131469726562
340 202.33245086669922
341 224.5147247314453
342 208.41272735595703
343 212.8915557861328
344 196.07565307617188
345 186.30463409423828
346 237.14525604248047
347 212.35360717773438
348 207.86815643310547
349 150.92694854736328
350 223.2857208251953
351 171.81084442138672
352 248.24908447265625
353 153.88561248779297
354 206.3768539428711
355 172.83840942382812
356 194.25118255615234
357 267.4990692138672
358 224.89916229248047
359 189.2105712890625
360 202.29574584960938
361 190.72199249267578
362 211.4337158203125
363 175.58992767333984
364 172.8691177368164
365 221.13787841796875
366 184.86699676513672
367 236.1300811767578
368 236.8777084350586
369 190.08788299560547
370 182.14214324951172
371 222.3077392578125
372 211.03323364257812
373 172.02368927001953
374 206.09049224853516
375 231.07896423339844
376 205.06039428710938
377 158.6324234008789
378 233.89295196533203
379 232.6305923461914
380 201.93955993652344
381 193.8042755126953
382 193.84490966796875
383 226.59619140625
384 184.1815414428711
385 272.08094787597656
386 198.94839477539062
387 230.7349406143879
388 216.86886596679688
389 218.93299865722656
390 241.63465881347656
391 200.21102905273438
392 173.68175506591797
393 191.10414123535156
394 212.60633850097656
395 208.86206817626953
396 219.83000946044922
397 224.03610229492188
398 219.73812103271484
399 248.2923583984375
400 239.72370147705078
401 162.67774200439453
402 243.06363348535234
403 240.38162994384766
404 199.7466583251953
405 187.17929077148438
406 182.20860290527344
407 219.6004402441297
408 193.39474487304688
409 241.94281005859375
410 184.87025451660156
411 148.9806900024414
412 226.46529388427734
413 194.56780242919922
414 241.69049835205078
415 180.41687774658203
416 259.88677978515625
417 181.9162139892578
418 209.0563735961914
419 243.25816345214844
420 211.73129272460938
421 185.34788513183594
422 173.29703521728516
423 228.93075561523438
424 209.6322479248047
425 171.26752471923828
426 205.88359832763672
427 230.4507064819336
428 179.04503631591797
429 233.90039825439453
430 204.5196990966797
431 224.82425689697266
432 244.35543823242188
433 197.79440307617188
435 161.052001953125
436 199.20843505859375
437 208.54647827148438
438 254.6620864868164
439 226.9261289155245
440 234.6622543334961
441 254.75342559814453
442 198.3402862548828
443 203.5510482788086
444 181.64645385742188
445 208.6315155029297
446 170.1512680053711
447 182.19549560546875
448 204.3339614868164
449 204.48251342773438
450 205.72129821777344
451 235.6204071044922
452 174.49024963378906
453 226.7873842868136
454 269.6955115938921
455 176.45343780517578
457 231.2912826538086
458 211.94017791748047
459 221.33002471923828
460 182.70143127441406
461 218.73897552490234
462 248.0632095336914
463 205.57097625732422
465 217.3720932006836
466 245.10536193847656
467 237.60570526123047
468 224.60812377929688
469 257.34222412109375
470 199.620361328125
471 228.77678680419922
472 207.62066650390625
473 214.09288024902344
474 242.03302001953125
475 231.24313354492188
476 207.15689849853516
477 207.5247344970703
478 244.4967803955078
479 175.32794189453125
480 183.7605438232422
481 186.07814025878906
482 230.16390098876712
483 228.76923370361328
484 219.21029663085938
485 171.98601531982422
486 244.0558624267578
487 217.0722198486328
488 177.86843872070312
489 173.57423400878906
490 223.46128845214844
491 196.3799057006836
492 202.11302947998047
493 167.80358123779297
494 203.04513549804688
495 250.78504943847656
496 238.39828491210938
497 220.7022705078125
498 183.07627868652344
499 205.69574737548828
500 201.23377227783203
501 157.97254943847656
502 146.43124389648438
503 278.4677276611328
504 204.67948150634766
505 160.21607208251953
506 212.8058319091797
507 199.2645492553711
508 227.4974365234375
509 190.58350372314453
510 209.27833557128906
511 168.14561462402344
512 189.33234405517578
513 188.01012420654297
514 208.6435546875
515 247.4398651123047
516 221.95086050587003
517 181.32799530029297
518 192.59796905517578
519 189.33448791503906
520 217.93177795410156
521 195.1554946899414
522 214.76182556152344
523 190.4717254638672
524 212.44126892089844
525 233.15973663330078
526 212.01592254638672
527 171.92820739746094
528 210.35243225097656
529 179.3794708251953
531 194.3235092163086
532 184.572021484375
533 172.75118255615234
534 234.9510955810547
535 171.2472070492817
536 147.6391372680664
537 206.8706817626953
538 182.56340789794922
539 244.87709045410156
540 249.62882232666016
541 228.62730407714844
542 203.85763549804688
543 210.25230407714844
544 216.02159118652344
545 186.50455474853516
546 209.79014587402344
547 225.8330841064453
548 229.80500030517578
549 230.90416717529297
550 226.00807189941406
551 201.6483612060547
552 194.94700622558594
553 202.09978485107422
554 203.5296401977539
555 177.1938247680664
556 190.5411376953125
557 260.2901931136128
558 208.2626190185547
559 232.41393280029297
561 241.56153869628906
562 220.7353515625
563 217.32720947265625
564 201.04850006103516
565 183.98384857177734
566 213.76980590820312
567 231.7605209350586
568 247.32344818115234
569 187.70127868652344
570 198.2015838623047
571 219.83100128173828
572 187.6213150024414
573 150.1780242919922
574 205.38935089111328
575 156.49339294433594
576 230.26482391357422
577 239.8466796875
578 182.22797393798828
579 179.55254364013672
580 202.12881469726562
581 201.5194320678711
582 217.72806549072266
583 229.2535858154297
584 218.14263153076172
585 195.0576171875
586 188.71991729736328
587 203.5302963256836
588 233.8888931274414
589 220.0406494140625
590 228.1566619873047
591 200.3828353881836
592 177.45761108398438
593 228.76886749267578
594 181.13570404052734
595 244.48667907714844
596 185.11843872070312
597 199.2557373046875
599 174.58973693847656
600 230.4549789428711
601 161.15926361083984
602 277.1253967285156
603 228.11619567871094
604 203.0530548095703
605 219.87264251708984
606 201.568115234375
607 239.94289456072875
608 189.3505096435547
609 232.47754669189453
610 207.39901733398438
611 209.1291046142578
612 206.51334381103516
613 208.52069091796875
614 222.89434814453125
615 257.8942413330078
616 211.05286407470703
617 186.47781372070312
618 233.12398529052734
619 224.1468963623047
620 226.01335906982422
621 182.15579223632812
622 218.0403594970703
623 197.46749877929688
624 193.14747619628906
625 200.71749114990234
626 204.02883911132812
627 250.90180253663573
628 183.2159652709961
629 229.0144805908203
630 200.5073013305664
631 179.59707641601562
632 198.9594955444336
633 241.00218963623047
634 167.93116760253906
635 206.69979095458984
636 153.40721130371094
637 229.47109985351562
638 211.17706298828125
639 240.1935043334961
640 195.29412078857422
641 251.4665756225586
642 225.48326110839844
643 220.7642593383789
644 181.70458221435547
645 168.4537353515625
646 185.32242584228516
647 229.7982635498047
648 268.59458923339844
649 231.43041229248047
650 167.94432830810547
651 196.64801788330078
652 201.46205037428524
653 192.87368774414062
654 147.33353424072266
655 190.31092834472656
656 207.39259338378906
657 243.27568817138672
658 219.94933319091797
659 229.57073974609375
660 201.82276916503906
661 205.13101959228516
662 204.40642547607422
663 263.0642395019531
664 199.2775650024414
665 187.96669006347656
666 205.58102416992188
667 167.9583282470703
668 209.96759796142578
669 169.45406341552734
670 194.38909912109375
671 227.2783660888672
672 211.51538848876953
673 223.50244903564453
674 192.37706756591797
675 210.78971099853516
676 192.71483612060547
677 209.34993743896484
678 191.32699584960938
679 139.56304168701172
680 236.0997085571289
681 207.96714782714844
682 184.0018310546875
683 200.99900817871094
684 183.35972595214844
685 193.6581268310547
686 261.68603515625
687 195.30916595458984
688 239.45628356933594
689 218.01087188720703
690 182.21295928955078
691 223.3878631591797
692 246.20314025878906
693 205.87110137939453
694 160.66334533691406
695 247.9274139404297
696 169.07061767578125
697 187.79904174804688
698 191.21724700927734
699 229.16493225097656
700 206.89496612548828
701 185.8890380859375
702 193.57470703125
703 220.93804931640625
704 181.4291000366211
705 201.71240234375
706 206.60486602783203
707 229.0814208984375
708 197.6970443725586
710 206.4736557006836
711 172.45545959472656
712 184.3158416748047
713 205.714111328125
714 198.4525909423828
715 170.3054962158203
716 194.9607391357422
717 178.47429656982422
718 252.26223754882812
719 184.9704360961914
720 184.47245025634766
721 209.18675994873047
722 220.27120971679688
723 216.28695678710938
724 229.4928207397461
725 217.15296173095703
726 243.07689666748047
727 201.5297088623047
728 193.81708526611328
729 232.58782893973273
730 200.60594940185547
731 205.55023956298828
732 176.72657012939453
733 212.97760009765625
734 199.05459594726562
735 194.01254272460938
736 193.1711883544922
737 283.4208984375
738 161.77930450439453
739 184.9637908935547
740 172.01123046875
741 192.57707977294922
742 175.51114654541016
743 203.33232879638672
744 232.3910227348809
745 217.1581802368164
746 223.96887969970703
747 178.4029312133789
748 250.47141023809297
749 224.0237274169922
750 166.3022689819336
751 224.34837341308594
752 252.02212524414062
753 216.85344696044922
754 181.4281997680664
755 213.8045654296875
756 169.33045959472656
757 183.5434341430664
758 197.56600189208984
759 183.81098175048828
760 183.6033706665039
761 221.82838439941406
762 229.46936798095703
763 278.03289794921875
764 246.46837615966797
765 215.54893493652344
766 216.67286682128906
767 228.9986114501953
768 205.82169342041016
769 201.5467071533203
770 234.31908416748047
771 190.64295196533203
772 187.38153839111328
773 181.0377426147461
774 234.00857543945312
775 243.950927734375
776 227.0008087158203
777 170.7540740966797
778 200.5602264404297
779 174.10865783691406
780 205.91284942626953
781 211.4351043701172
782 228.0904083251953
783 184.8148651123047
784 210.90724182128906
785 245.466796875
786 235.09748077392578
787 173.0064468383789
788 230.69168090820312
789 206.5845184326172
790 251.0382537841797
791 243.60430908203125
792 145.43877410888672
793 155.82086944580078
794 238.2451934814453
795 177.16837310791016
796 230.28030395507812
797 216.41796112060547
798 209.88152313232422
799 206.90340423583984
800 202.37852478027344
801 206.0695571899414
802 231.98040008544922
803 232.76995849609375
804 192.31988525390625
805 245.2301483154297
806 145.88532257080078
807 218.90345764160156
808 246.00877380371094
809 213.82215881347656
810 196.76649475097656
811 163.33141326904297
812 152.66015625
813 190.8651351928711
814 202.4385757446289
815 235.99805450439453
816 165.44446563720703
817 221.11923217773438
818 232.39437103271484
819 204.68073272705078
820 235.06853485107422
821 193.5408172607422
822 196.60454559326172
823 188.23597717285156
824 181.62288665771484
825 237.77530670166016
826 258.5979309082031
827 238.59351348876953
828 200.79518127441406
829 183.3510513305664
830 210.92868041992188
831 169.24552154541016
832 208.22425079345703
833 186.85104370117188
834 209.97821044921875
836 170.4720687866211
837 196.73956298828125
838 197.2334747314453
839 189.31111907958984
840 237.20526123046875
841 212.41602325439453
842 224.10540008544922
843 198.43914794921875
844 220.85693359375
845 223.90562438964844
846 191.48213958740234
847 215.40182495117188
848 230.9084701538086
849 196.58888244628906
850 147.85259246826172
851 174.58312225341797
852 213.7105255126953
853 196.0276814247543
854 261.91371154785156
855 185.05840301513672
856 204.61156463623047
857 154.94026947021484
858 185.8345184326172
859 177.67625427246094
860 182.55753326416016
861 175.49546813964844
862 266.80735778808594
863 245.39716339111328
865 184.55860900878906
866 216.54539147429801
867 190.5206756591797
868 208.67166137695312
869 214.37384033203125
870 222.92240142822266
871 201.70069885253906
872 206.2845687866211
873 244.51431274414062
874 227.18094635009766
875 213.03446197509766
876 211.3466033935547
877 203.8357162475586
878 263.58689880371094
879 218.38749592345357
880 227.58355712890625
881 264.8790588378906
882 162.88346099853516
883 197.9962921142578
884 226.33695220947266
885 221.51685333251953
886 222.2713165283203
887 197.19672393798828
888 208.88238525390625
889 158.9333038330078
890 181.42617797851562
891 167.21498107910156
892 213.04408264160156
893 229.34584045410156
894 207.1516537312566
895 167.74369049072266
896 227.19589233398438
897 259.5687713623047
898 174.3048324584961
899 233.9903335571289
900 245.69420623779297
901 218.49746704101562
902 260.80625915527344
903 243.36568450927734
904 195.80565643310547
905 164.69278717041016
906 221.6855010986328
907 210.53174591064453
908 186.50377655029297
910 207.7723159790039
911 215.30043029785156
912 204.23099517822266
913 201.4480209350586
914 221.5740966796875
915 259.0527648925781
916 165.84573364257812
917 236.52898487890596
918 158.81433868408203
919 211.55169677734375
920 196.77962493896484
921 163.52156829833984
922 195.17913818359375
923 224.92839813232422
924 229.03488159179688
925 223.74959564208984
926 194.40884399414062
927 213.097900390625
928 179.31414794921875
929 247.3543701171875
930 188.04891204833984
931 216.25159454345703
932 194.9450454711914
933 209.45877838134766
934 223.10259246826172
935 179.2837142944336
936 226.11058044433594
937 209.8247833251953
938 190.60108947753906
939 199.91867065429688
940 192.86125946044922
941 196.08355712890625
942 168.90219116210938
943 222.412841796875
944 200.64005279541016
945 226.22454833984375
946 199.3788070678711
947 201.35072326660156
948 198.46378326416016
949 245.38043212890625
950 192.1356658935547
951 191.0087432861328
952 231.8354034423828
953 359.3025665283203
954 232.95382690429688
955 243.60121154785156
956 204.6993408203125
957 233.38692474365234
958 196.0435791015625
959 179.4195556640625
960 194.26725006103516
961 205.1588592529297
963 175.92630004882812
964 219.27831268310547
965 158.23578643798828
966 234.97731018066406
967 173.95626831054688
968 220.57889556884766
969 249.92799377441406
970 235.3907241821289
971 217.07010650634766
972 237.6134033203125
973 181.5171661376953
974 214.34981536865234
975 225.82298658495932
976 183.53742218017578
977 221.9788055419922
978 210.81375122070312
979 225.75971221923828
980 220.63729858398438
981 182.69862365722656
982 187.04444885253906
983 242.35051727294922
984 235.13616180419922
985 204.27670288085938
986 176.15103912353516
987 212.13513946533203
988 245.29155731201172
989 223.85693359375
990 140.17233276367188
991 235.40261840820312
992 253.3583221435547
993 198.36746215820312
994 153.57958984375
995 192.8892593383789
996 246.59432152610557
997 189.4300079345703
998 198.49754333496094
999 229.25558471679688
1000 164.94190216064453
1001 207.90010833740234
1002 257.8911437988281
1003 213.70893096923828
1004 201.6811065673828
1005 195.47815704345703
1006 260.82940673828125
1007 184.87376403808594
1008 210.33486484202203
1009 171.40532684326172
1010 171.83245086669922
1011 229.90484619140625
1012 230.54847717285156
1013 239.4985580444336
1014 156.72372436523438
1015 230.27762603759766
1016 208.4789581298828
1017 202.59171295166016
1018 163.922607421875
1019 198.41500091552734
1020 197.10994720458984
1021 200.4011688232422
1022 208.32879638671875
1023 208.06624603271484
1024 163.83155059814453
1025 215.29791259765625
1026 182.22606658935547
1027 233.49349212646484
1028 219.88581085205078
1029 194.44803619384766
1030 244.74283599853516
1031 194.5682144165039
1032 212.90007025643703
1033 183.08602905273438
1034 186.22042083740234
1035 206.9476089477539
1036 187.9822235107422
1037 239.9770050048828
1038 227.6782989501953
1039 198.1223373413086
1040 178.0097885131836
1041 214.2690658569336
1042 213.3746795654297
1043 210.13316345214844
1044 211.8903350830078
1045 207.09778594970703
1046 225.151611328125
1047 190.86163330078125
1048 236.04232788085938
1049 192.54916381835938
1050 163.19034576416016
1051 201.3761978149414
1052 261.46533203125
1053 182.86100006103516
1054 154.0993194580078
1055 226.3541717529297
1056 204.0352020263672
1057 196.94829559326172
1058 198.1182403564453
1059 198.631103515625
1060 212.07173919677734
1061 198.00214385986328
1062 223.06178283691406
1063 277.4897155761719
1064 206.44088745117188
1065 192.26744079589844
1066 189.11903381347656
1067 243.92173767089844
1068 279.4932556152344
1069 242.5225830078125
1070 244.70286094077773
1071 176.68878173828125
1072 172.3155746459961
1073 184.08875274658203
1074 228.142578125
1075 249.40802764892578
1076 214.98696899414062
1077 178.0215072631836
1078 201.37775421142578
1080 172.96617889404297
1081 210.66993713378906
1082 205.9576873779297
1083 247.76167728407896
1084 230.11282348632812
1085 272.1446990966797
1086 172.24065399169922
1087 209.2255096435547
1088 223.1734848022461
1089 177.73912048339844
1090 233.4951171875
1091 258.66770935058594
1092 235.07325744628906
1093 195.9365604555959
1094 189.27701568603516
1095 166.0298080444336
1096 208.45296478271484
1097 227.6651382446289
1098 174.872314453125
1099 172.78077697753906
1100 245.16696166992188
1101 257.2499694824219
1102 238.41373443603516
1103 201.93197631835938
1104 216.7844696044922
1105 216.21167755126953
1106 207.019287109375
1107 170.72527313232422
1108 240.4936065673828
1109 192.17007446289062
1110 237.41038513183594
1111 265.68638610839844
1112 231.11023712158203
1113 216.12259674072266
1114 210.03325653076172
1115 205.51139068603516
1116 214.8761749267578
1117 234.29792022705078
1118 208.80521392822266
1119 236.20482635498047
1120 222.17606353759766
1121 221.06649780273438
1122 234.5085678100586
1123 203.76679229736328
1124 212.99783325195312
1125 232.33716583251953
1126 167.05511474609375
1127 203.36356353759766
1128 263.0028991699219
1129 196.91951751708984
1130 217.43013763427734
1131 184.02191162109375
1132 205.6862335205078
1133 176.05860900878906
1134 185.22962951660156
1135 208.3704833984375
1136 199.82920837402344
1137 204.8624725341797
1138 213.02690887451172
1139 194.45266723632812
1140 241.57281494140625
1141 250.55338287353516
1142 252.31170654296875
1143 179.58726501464844
1144 187.44021606445312
1145 227.21002960205078
1146 193.60682678222656
1147 208.59688568115234
1148 185.32282257080078
1149 190.85807037353516
1150 208.1899871826172
1151 173.01526641845703
1152 238.6471939086914
1153 227.23971557617188
1154 160.50603485107422
1155 176.60829162597656
1156 176.63140106201172
1157 187.46526336669922
1158 199.24187469482422
1159 185.70358276367188
1160 174.23231506347656
1161 228.2025375366211
1162 201.92271423339844
1163 228.60553741455078
1164 187.96754455566406
1165 163.83316040039062
1166 227.78266143798828
1167 170.7841033935547
1168 201.86551666259766
1169 238.53311157226562
1170 225.58688354492188
1171 227.64762115478516
1172 203.27698516845703
1173 263.22279357910156
1174 186.13565063476562
1175 200.29242706298828
1176 249.27960205078125
1177 213.6599884033203
1178 236.6117935180664
1179 199.90987396240234
1180 167.70812225341797
1181 288.7182312011719
1182 261.0123748779297
1183 191.73810577392578
1184 188.0235824584961
1185 237.2535724827364
1186 203.92884063720703
1187 158.7821502685547
1188 238.4710235595703
1189 226.69819291835736
1190 203.19310760498047
1191 232.6580352783203
1192 264.2064514160156
1193 209.58158111572266
1194 178.11902618408203
1195 178.6271743774414
1196 190.95043182373047
1197 211.01583862304688
1198 201.76122283935547
1199 198.60984802246094
1200 175.74380493164062
1201 230.78029288098054
1202 180.77357482910156
1203 178.92485809326172
1204 233.6661605834961
1205 187.33092498779297
1206 196.38999938964844
1207 199.3951873779297
1208 200.17237091064453
1209 200.56908416748047
1210 190.57626342773438
1211 181.2930450439453
1212 228.3436508178711
1213 228.27520751953125
1215 186.68716430664062
1216 216.61048889160156
1217 192.26146697998047
1218 246.07579803466797
1219 219.53130340576172
1220 190.14472198486328
1221 226.58714294433594
1222 214.40126037597656
1223 194.09149169921875
1224 193.7174835205078
1225 196.01107788085938
1226 252.12305450439453
1227 265.66107177734375
1228 224.11935424804688
1229 202.47274017333984
1230 210.68901824951172
1231 251.03565979003906
1232 201.17964935302734
1233 222.11579132080078
1234 264.96649169921875
1235 202.02845001220703
1236 196.12914276123047
1237 235.01174926757812
1238 201.53374481201172
1239 182.45282745361328
1241 214.8509063720703
1242 174.3104476928711
1243 236.6045913696289
1244 188.72423553466797
1245 181.2219696044922
1246 191.97016143798828
1247 223.27008819580078
1248 185.173095703125
1249 218.61649322509766
1250 236.74121856689453
1251 212.62923431396484
1252 187.6345977783203
1253 222.27433013916016
1254 198.3673553466797
1255 187.7827377319336
1256 179.80855560302734
1257 240.04286193847656
1258 220.24077606201172
1259 237.24962615966797
1260 259.6916198730469
1261 183.93769073486328
1262 218.49407958984375
1263 213.2792205810547
1264 230.36865234375
1265 213.31681060791016
1266 183.6423797607422
1267 192.97317504882812
1268 189.80760955810547
1269 212.48146057128906
1270 267.4156799316406
1271 170.18763732910156
1272 232.03339385986328
1273 178.40705108642578
1274 231.22103881835938
1275 224.65387725830078
1277 195.13938903808594
1278 164.6862564086914
1279 222.66111755371094
1280 179.39120483398438
1281 255.23297882080078
1282 229.9155731201172
1283 206.87874603271484
1284 159.29164123535156
1285 166.31949615478516
1286 229.55887603759766
1287 222.4576416015625
1289 189.3478775024414
1290 223.58505249023438
1291 207.2669677734375
1292 228.90215301513672
1293 233.93910217285156
1294 229.2294692993164
1295 182.84803771972656
1296 252.63824462890625
1297 177.7013397216797
1298 197.37018585205078
1299 237.32845306396484
1300 156.0937271118164
1301 247.93771362304688
1302 208.38378143310547
1303 208.8470001220703
1304 219.9065399169922
1305 197.21625518798828
1306 166.83023071289062
1307 224.76446533203125
1308 256.7886047363281
1309 258.8262481689453
1310 190.94595336914062
1311 176.60931396484375
1312 202.3913345336914
1313 183.25878143310547
1314 222.903564453125
1315 242.38715223235488
1316 219.8554916381836
1317 186.5951807982994
1318 200.24778747558594
1319 201.4982452392578
1320 192.85454559326172
1321 168.1404037475586
1322 247.4563446044922
1323 218.7291259765625
1324 210.86587524414062
1325 241.72400665283203
1326 197.12754821777344
1327 202.2671890258789
1328 203.20079040527344
1329 197.14734649658203
1330 206.9219207763672
1331 192.47471618652344
1332 191.51238250732422
1333 250.70018005371094
1334 228.36795806884766
1335 246.95171356201172
1336 189.26954650878906
1337 281.5836944580078
1338 209.33619689941406
1339 177.56682586669922
1340 191.1851806640625
1341 189.40118408203125
1342 221.23388671875
1343 225.42460838141957
1344 235.37197875976562
1345 202.12740325927734
1346 193.9880828857422
1347 220.92911529541016
1348 219.1644515991211
1349 220.0681610107422
1350 187.34415435791016
1351 175.633056640625
1352 196.1900405883789
1353 246.22159576416016
1354 206.9209976196289
1355 243.36219024658203
1356 211.8627471923828
1357 192.54402923583984
1358 213.49617767333984
1359 236.38677215576172
1360 250.30596923828125
1361 192.9368438720703
1362 241.7247772216797
1363 240.86856079101562
1364 215.5453872680664
1365 236.61407470703125
1366 259.23712158203125
1367 216.4174575805664
1368 199.45242309570312
1369 204.50254821777344
1370 192.1683807373047
1371 242.39146423339844
1372 206.04056549072266
1373 210.06239318847656
1374 235.74622344970703
1375 157.1352310180664
1376 200.35536193847656
1377 194.8861312866211
1378 208.01030731201172
1379 239.9954071044922
1380 276.9986877441406
1381 218.4128646850586
1382 214.86333465576172
1383 220.47949981689453
1384 246.84715270996094
1385 195.7679214477539
1386 203.2232894897461
1387 185.26004028320312
1389 215.12400817871094
1390 264.9143524169922
1391 268.6437072753906
1392 163.47817993164062
1393 205.25871518694714
1394 220.50457763671875
1395 203.25706481933594
1396 176.48511505126953
1397 198.95738220214844
1398 191.9325408935547
1399 216.64362335205078
1400 199.92445373535156
1401 195.5752410888672
1402 150.59307098388672
1404 228.2515106201172
1405 196.37600708007812
1406 215.71607971191406
1407 227.08020782470703
1408 177.225830078125
1409 190.67300415039062
1410 166.91848754882812
1411 271.9584655761719
1412 241.93363189697266
1413 183.18048095703125
1414 192.62670135498047
1415 220.65438842773438
1416 181.60025024414062
1417 230.94820404052734
1418 207.26634216308594
1419 170.6531982421875
1420 225.23491668701172
1421 190.9414520263672
1422 215.6671371459961
1423 210.4857940673828
1424 182.77894592285156
1425 234.07139587402344
1426 205.30784606933594
1427 246.01760864257812
1428 214.06756591796875
1429 207.90890502929688
1430 198.87600708007812
1431 183.20742797851562
1432 219.07583618164062
1433 229.75838470458984
1434 257.1266174316406
1435 234.141845703125
1436 205.16826629638672
1437 225.3631134033203
1438 213.87091827392578
1439 201.7848663330078
1440 220.84004974365234
1441 192.0465850830078
1442 179.5448226928711
1443 199.58014678955078
1444 195.04204559326172
1445 227.50779724121094
1446 186.73628997802734
1447 204.30722045898438
1448 200.5742416381836
1449 167.27925872802734
1450 217.98743438720703
1451 199.57530212402344
1452 218.2126235961914
1453 228.76458740234375
1454 178.56370544433594
1455 173.47368621826172
1456 206.7023696899414
1458 209.44719696044922
1459 188.51126098632812
1460 239.2405548095703
1461 183.81637573242188
1462 182.21414947509766
1463 206.1335906982422
1464 204.99526977539062
1465 183.8681411743164
1466 241.0218963623047
1467 199.74044799804688
1468 165.8009796142578
1469 215.3433380126953
1470 189.4870147705078
1471 220.31060791015625
1472 209.18677520751953
1473 249.75155438982375
1474 242.7969970703125
1475 241.45795440673828
1476 215.08293914794922
1477 258.3600158691406
1478 186.93968200683594
1479 217.3786849975586
1480 216.65877532958984
1481 239.1048812866211
1482 176.5349884033203
1483 221.4257354736328
1484 184.09495544433594
1485 239.92914581298828
1486 208.87925720214844
1487 191.97254180908203
1488 219.17317962646484
1489 216.8970184326172
1490 173.01290130615234
1491 196.7304916381836
1492 203.42760467529297
1493 182.18427276611328
1494 192.43741607666016
1495 206.88429260253906
1496 183.48948669433594
1497 195.94039154052734
1498 219.53073120117188
1499 163.4020538330078
1500 186.88416290283203
1501 167.16921997070312
1502 147.92598724365234
1503 199.5578155517578
1504 233.01719665527344
1506 247.2135772705078
1507 149.6303253173828
1508 184.25242614746094
1509 215.22540283203125
1510 218.0378646850586
1511 220.46212768554688
1512 221.2009048461914
1513 226.2215347290039
1514 188.57099151611328
1515 233.9710235595703
1516 155.2916488647461
1517 223.96305084228516
1518 188.65636266220923
1519 179.02049255371094
1520 227.85581970214844
1521 237.24756622314453
1522 192.93436431884766
1523 193.22003173828125
1524 236.96390533447266
1525 201.88116455078125
1526 233.92079162597656
1527 199.2892074584961
1528 236.30189514160156
1529 250.88294219970703
1530 160.0729217529297
1531 219.7467498779297
1532 211.3191909790039
1533 218.54794311523438
1534 178.65174865722656
1535 204.10688018798828
1536 232.37802124023438
1537 167.8340072631836
1538 222.50749969482422
1539 534.6435852050781
1540 231.38677215576172
1541 188.16285705566406
1542 190.01136016845703
1543 170.56118774414062
1544 212.1986083984375
1545 227.8015594482422
1546 214.59542083740234
1547 247.04766082763672
1548 204.34767150878906
1549 239.42186737060547
1550 220.45211029052734
1551 221.4951171875
1553 179.07125091552734
1554 200.6988067626953
1555 173.99571228027344
1556 204.39190673828125
1557 213.38851165771484
1558 210.48931884765625
1559 231.94823455810547
1560 183.03861236572266
1561 214.6131362915039
1563 174.54024505615234
1564 250.0085906982422
1565 213.37708282470703
1566 215.75800323486328
1567 211.14769744873047
1569 186.49993896484375
1570 235.95771026611328
1571 245.78620147705078
1572 224.82532106325823
1573 218.83582305908203
1574 232.7535629272461
1575 217.9155731201172
1576 246.96732330322266
1577 227.63990020751953
1578 212.64553833007812
1579 184.87854766845703
1580 181.37550354003906
1581 219.7962875366211
1582 230.55459594726562
1583 181.9479522705078
1584 245.63907623291016
1585 216.17364501953125
1586 214.9970650786217
1587 195.62242889404297
1588 166.94104766845703
1589 214.5808334350586
1590 187.2827606201172
1591 210.1654510498047
1592 228.8286895751953
1593 178.5597381591797
1594 223.25214385986328
1595 167.86412811279297
1596 200.82984161376953
1597 217.48421478271484
1598 227.9351043701172
1599 260.48040771484375
1600 206.83421325683594
1601 244.69699096679688
1602 204.94232177734375
1603 176.85474395751953
1604 273.3531951904297
1605 276.5946350097656
1606 224.6197280883789
1607 205.80433654785156
1608 227.19603729248047
1609 222.63616180419922
1610 186.0493927001953
1611 206.92232513427734
1612 195.17247009277344
1613 167.08924865722656
1614 199.66060638427734
1615 264.0088119506836
1616 231.5204086303711
1617 191.93973541259766
1618 183.67241668701172
1619 207.53529357910156
1620 224.3617706298828
1621 209.37013244628906
1622 219.41397094726562
1623 194.64470672607422
1624 170.5771255493164
1625 224.39230582871608
1626 207.92060089111328
1627 206.54441833496094
1628 240.08573150634766
1629 219.08930206298828
1630 222.7231674194336
1631 199.12506103515625
1632 167.8078155517578
1633 183.25926208496094
1634 242.9444122314453
1635 194.86576080322266
1636 196.31781768798828
1637 206.65254974365234
1638 223.57662200927734
1639 172.5052032470703
1640 242.38314056396484
1641 213.98833465576172
1642 230.39335685256037
1643 169.90677642822266
1644 224.3342742919922
1645 197.1327667236328
1646 206.8626251220703
1647 197.35295867919922
1648 205.17120361328125
1649 229.70018005371094
1650 170.61749267578125
1651 158.25251007080078
1652 235.9221649169922
1653 195.7977294921875
1654 212.14593505859375
1655 208.2597427368164
1656 179.75951385498047
1657 221.7440948486328
1658 187.77783203125
1659 216.00008392333984
1660 187.35515594482422
1661 209.39806365966797
1662 239.2012856979886
1663 275.5854187011719
1664 192.94657135009766
1666 235.0957489013672
1667 244.88919067382812
1668 185.91832733154297
1669 217.6140899658203
1670 217.29793548583984
1671 247.31040954589844
1672 161.31375885009766
1673 196.7689437866211
1674 180.89451599121094
1675 198.4348602294922
1676 231.58016651487978
1677 232.6421356201172
1678 187.49358367919922
1679 214.03656005859375
1680 213.8409663477458
1681 196.19923400878906
1682 180.30743408203125
1683 202.98793029785156
1684 165.90009307861328
1685 211.34715270996094
1686 221.78543090820312
1687 204.6829071044922
1688 200.4748764038086
1689 175.57969665527344
1690 197.60245513916016
1691 191.30315399169922
1692 186.43721771240234
1693 322.1346893310547
1694 209.3822250366211
1695 249.008544921875
1696 234.14505767822266
1697 187.57008361816406
1698 209.4450912475586
1699 176.59715270996094
1700 221.42552947998047
1701 177.99393463134766
1702 198.8211898803711
1703 185.9453125
1704 214.53043365478516
1705 195.9397430419922
1706 165.41676330566406
1707 199.9297103881836
1708 199.90451049804688
1709 238.3429946899414
1710 203.38174438476562
1711 145.90145111083984
1712 235.28033183417352
1713 191.2858657836914
1714 237.55879974365234
1715 182.43072509765625
1716 246.55634307861328
1717 185.64061737060547
1718 267.5589294433594
1719 239.99771118164062
1720 252.62979888916016
1721 246.98098754882812
1722 212.56723022460938
1723 162.68150329589844
1724 220.7471160888672
1725 221.76498413085938
1726 189.26742553710938
1727 198.62496948242188
1728 197.51255798339844
1729 203.30406951904297
1730 222.5109100341797
1731 177.83480834960938
1733 200.73938751220703
1734 217.8920712052062
1735 225.33712005615234
1736 230.3757553100586
1737 182.80001068115234
1738 186.8657989501953
1739 213.6809539794922
1740 180.79518127441406
1741 203.53182983398438
1742 240.4454345703125
1743 228.66957092285156
1744 248.1456527709961
1745 186.68067932128906
1746 160.35083770751953
1747 174.90240478515625
1748 182.99956512451172
1749 185.44332122802734
1750 170.13060760498047
1751 259.6457977294922
1752 220.77544403076172
1753 202.00790405273438
1754 207.19654846191406
1755 215.7903594970703
1756 219.92626190185547
1757 222.6584930419922
1758 223.43859100341797
1759 174.02095794677734
1760 219.9684600830078
1761 227.03751373291016
1762 221.7645492553711
1763 185.20360565185547
1764 180.4448699951172
1765 189.04926300048828
1766 241.5133819580078
1767 191.23999786376953
1768 199.09496307373047
1769 227.1825408935547
1770 227.77478790283203
1771 226.1687774658203
1772 239.32733154296875
1773 240.93191528320312
1774 218.58887481689453
1775 256.48722076416016
1776 186.1291275024414
1777 241.7599105834961
1778 213.20181274414062
1779 187.0742645263672
1780 204.37773147203467
1781 255.7926788330078
1783 209.66824340820312
1784 213.1786117553711
1785 261.67694091796875
1786 177.6369400024414
1787 181.10690307617188
1788 213.63677978515625
1789 179.1686782836914
1790 190.30254364013672
1791 189.61660766601562
1792 205.30291748046875
1794 169.2205581665039
1795 209.95659637451172
1796 198.41055297851562
1797 238.8893280029297
1798 208.98458862304688
1799 225.77326202392578
1800 187.48131952028558
1801 229.7082061767578
1802 189.36279296875
1803 213.07454681396484
1804 242.91517639160156
1805 164.171142578125
1806 176.29385375976562
1807 199.48735809326172
1808 192.80874633789062
1809 147.26151275634766
1810 195.3994140625
1811 197.42473602294922
1812 246.9042205810547
1813 182.96165466308594
1814 262.77490234375
1815 181.81725311279297
1816 192.0406723022461
1817 205.90394592285156
1818 220.69646453857422
1819 146.89957427978516
1820 270.90191650390625
1821 171.27926635742188
1822 216.20565795898438
1823 222.25594329833984
1824 196.57025146484375
1825 254.6151123046875
1826 195.422607421875
1827 178.19384765625
1828 212.69416046142578
1829 208.20282745361328
1830 180.17169952392578
1831 213.86469268798828
1832 233.90994262695312
1833 185.0004119873047
1834 162.4206085205078
1835 144.52259063720703
1836 234.94020080566406
1837 246.05814361572266
1839 180.0055160522461
1840 203.8846435546875
1841 216.49131774902344
1842 258.8478698730469
1843 185.93822479248047
1844 205.644775390625
1845 247.87705993652344
1846 177.29537963867188
1847 204.99015045166016
1848 213.0304946899414
1849 207.9708709716797
1850 190.8874969482422
1851 202.09118649716459
1852 204.16631317138672
1853 169.7860565185547
1854 212.18842315673828
1855 198.95054626464844
1856 203.89248657226562
1857 202.57403564453125
1859 191.02517700195312
1860 179.8173370361328
1861 190.0376739501953
1862 260.05787658691406
1863 171.8147430419922
1864 184.15078735351562
1865 196.06643676757812
1867 202.99199676513672
1868 225.12286376953125
1869 192.0803451538086
1870 180.4685287475586
1871 243.1113510131836
1872 187.7354278564453
1873 166.86109924316406
1874 262.2063446044922
1875 214.9735336303711
1876 190.6210856394942
1877 224.75281524658203
1878 237.02403259277344
1879 180.9712905883789
1880 222.38255310058594
1881 192.90348052978516
1882 183.4570541381836
1883 222.25188446044922
1884 211.39397430419922
1885 239.8802032470703
1886 262.1503601074219
1887 185.6916732788086
1888 187.96408081054688
1889 197.67163848876953
