0 201.86766662597657
1 194.05631745134488
2 195.751171875
3 214.43329162597655
4 211.4727569580078
5 221.2860076904297
6 221.24099964513226
7 174.5171142578125
8 250.88765333761756
9 200.40874633789062
10 206.5638916015625
11 186.57005004882814
12 223.31059875488282
14 283.2569885253906
15 202.01454814436713
17 193.71573791503906
18 185.4746337890625
19 239.93863830566406
20 200.60384216308594
21 211.11075744628906
22 216.63360900878905
23 166.31581420898436
24 185.08441162109375
25 224.23998107910157
26 212.25799865722655
27 194.60708312988282
28 235.26296691894532
30 236.971484375
32 266.5925598144531
34 237.41807861328124
36 205.0176208496094
37 254.47262631495784
38 212.5068328857422
39 192.4567077636719
40 185.5898895263672
41 178.97057189941407
42 188.41103515625
43 200.80897521972656
44 260.0359672937525
45 236.13494262695312
46 207.8032684326172
48 248.79895935058593
50 274.3475096045877
52 217.9017822265625
53 172.4856384277344
54 212.63226623535155
56 216.96170654296876
57 242.42666625976562
59 218.2316162109375
60 204.9951385498047
61 244.60069274902344
62 192.0316955566406
63 225.33595581054686
64 249.528515625
65 264.02003577151146
66 213.70199890136718
67 248.65157775878907
68 202.31332702636718
69 258.4352233886719
70 213.13138122558593
71 210.7628631591797
72 223.06439514160155
73 252.1631652832031
74 218.77316589355468
75 214.10309143066405
76 222.83518981933594
77 192.49217224121094
78 203.57236938476564
79 254.63247997060316
80 272.54478759765624
81 238.20936889648436
82 201.01007995605468
84 210.38990783691406
85 253.42037963867188
86 238.84061279296876
87 234.40309362022293
88 218.400146484375
89 210.27580871582032
90 239.55574951171874
91 216.88643493652344
92 179.62857666015626
93 209.17166442871093
94 224.42769775390624
96 219.8958984375
97 203.2965545654297
98 279.01051025390626
99 191.12179870605468
100 229.85496826171874
101 174.28473815917968
102 214.9845703125
103 180.22635192871093
104 261.8164253378126
105 241.8632019042969
106 201.83332214355468
108 179.74504699707032
110 179.6301696777344
111 224.16665954589843
112 247.88473894120776
113 260.73117070349434
114 195.3077880859375
115 205.96773681640624
116 322.4362854003906
118 227.6105529785156
119 214.9032989501953
120 157.11444396972655
121 215.4937530517578
122 200.772412109375
123 233.30155029296876
124 212.97998657226563
125 224.0167022705078
127 218.61209022066902
128 190.98780212402343
129 234.56812438964843
131 188.95516357421874
132 211.96311645507814
133 205.37706604003907
134 198.45364990234376
135 209.39727478027345
136 225.95992736816407
137 200.84232177734376
139 215.9345916748047
140 246.82427978515625
141 217.55844421386718
142 231.71512145996093
143 253.04026489257814
144 273.6560974121094
146 196.05320606918204
147 196.98580017089844
148 229.768408203125
149 196.93710327148438
150 227.06065063476564
151 244.66543884277343
152 206.19877014160156
153 199.25274353027345
154 240.31899719238282
155 226.1772888183594
156 254.50678100585938
157 196.680322265625
158 242.05029907226563
159 202.3351806640625
160 214.31482543945313
161 183.38295288085936
162 236.79139709472656
163 210.51433715820312
164 221.89533941978317
165 182.55240173339843
166 188.39129028320312
167 184.8683288574219
168 168.86255798339843
170 234.65524291992188
171 173.5917175292969
172 240.9040985107422
173 234.08914794921876
174 186.63259582519532
175 178.30403747558594
176 185.7385681152344
177 216.91755065917968
178 246.9113342285156
179 257.69992980957034
180 178.47844848632812
182 228.68874816894532
183 153.146435546875
184 251.94367065429688
185 244.2735137939453
186 212.91690063476562
188 231.31319274902344
189 194.47150268554688
190 197.4049102783203
191 186.3454833984375
192 230.40350646972655
193 223.6848175048828
194 216.31001892089844
195 174.6187286376953
196 218.45464172363282
197 235.38554992675782
198 259.4435166200191
199 226.09212341308594
200 238.08037719726562
201 183.98858947753905
202 191.97799682617188
203 222.3264617919922
204 229.69546203613282
205 241.80569763183593
206 194.68067321777343
207 215.85892028808593
208 180.61789245605468
209 233.2042449951172
210 254.64853093949128
211 149.52982482910156
212 166.4896667480469
213 248.15364990234374
214 243.29186096191407
215 208.44373474121093
216 216.86897888183594
217 232.34991760253905
218 218.54712524414063
220 205.53917236328124
221 244.16971130371093
222 212.18917541503907
223 211.3725372314453
224 175.27655334472655
225 221.25428161621093
226 186.58148803710938
227 243.05380725046797
228 276.80479125976564
229 150.2833038330078
230 257.92653503417966
231 199.01620178222657
233 216.5529998779297
234 184.6725830078125
235 188.54928894042968
237 248.0473205566406
238 202.3731719970703
239 178.30601608186186
240 162.1908447265625
241 234.25291137695314
243 234.34920654296874
244 172.65213928222656
245 210.02605895996095
246 205.66277160644532
247 236.26097106933594
248 234.40567016601562
249 215.2749448719207
250 202.56258544921874
251 194.1975067138672
252 211.00991516113282
253 208.07197265625
254 180.6319793701172
255 212.00423583984374
256 196.94285888671874
257 208.1061584472656
258 228.00243530273437
259 232.86342163085936
260 276.1156066894531
261 190.99717407226564
263 216.38592529296875
264 235.5773880169022
265 234.7195068359375
266 230.81768188476562
267 180.4067413330078
268 217.51751098632812
269 229.8482452392578
270 199.14639892578126
271 244.7482482910156
272 185.37860412597655
273 226.26868286132813
274 217.15100708007813
275 216.3655548095703
276 217.38641052246095
277 243.70950012207032
278 188.34264526367187
279 203.09921569824218
280 243.29254024892984
281 262.2609436035156
282 217.15668640136718
284 211.88515625
285 212.20601501464844
286 230.90723470591485
287 208.88314514160157
288 199.49264221191407
289 235.4209777832031
290 228.7178527832031
291 206.39859313964843
292 227.27941284179687
293 182.93832702636718
294 229.83841552734376
295 211.36541748046875
296 230.0780822753906
297 227.16427307128907
298 196.69883728027344
299 216.59933776855468
300 272.3736083984375
302 188.45514526367188
303 205.87069396972657
304 200.80105895996093
305 246.60043029785157
306 200.30087988910014
307 253.55326232910156
308 210.92872619628906
310 245.77022705078124
311 221.22813720703124
312 227.0830505371094
313 244.3874639389424
314 254.30021057128906
315 202.2993377685547
316 265.70628356933594
317 188.11693725585937
318 219.69889221191406
319 239.3935089111328
320 216.66700744628906
322 257.75982666015625
323 205.66773376464843
324 169.9746124267578
325 253.246826171875
326 168.94888916015626
327 218.9318359375
328 211.5923645019531
329 208.8791015625
330 231.17605590820312
333 223.47576599121095
334 211.09205932617186
336 204.34439392089843
337 191.56263732910156
338 215.95534973144532
339 202.46712646484374
340 206.0109619140625
341 236.757275390625
342 218.85724182128905
343 216.166748046875
344 198.76497497558594
345 197.42348937988282
346 243.6287414550781
347 215.08040466308594
348 209.76135864257813
350 226.4745300292969
351 175.2404541015625
352 250.6694366455078
353 171.54285583496093
354 210.96381530761718
355 175.03268737792968
356 196.64281005859374
357 268.91819458007814
358 238.0976104736328
359 191.7663787841797
360 203.8225067138672
361 195.56080627441406
362 216.49051513671876
363 180.20401611328126
364 178.9466339111328
365 224.85852966308593
366 188.04552307128907
367 238.6280548095703
368 243.21645812988282
369 196.6573699951172
370 184.1523468017578
371 224.3184844970703
372 226.65454711914063
373 182.92069396972656
374 211.40828552246094
375 237.31564025878907
376 209.30844116210938
378 239.67254943847655
379 237.8944885253906
380 205.19747619628907
381 197.93259887695314
382 197.97069396972657
383 229.9902099609375
384 187.85100402832032
385 276.49952392578126
386 201.32081604003906
387 236.70893596255206
388 228.02476501464844
389 223.52537841796874
390 244.49108591225985
391 209.2843811035156
392 177.83907775878907
393 202.13217468261718
394 213.74945068359375
395 210.2203826904297
396 224.90381469726563
397 225.46399841308593
398 226.06109924316405
399 254.709033203125
400 242.78305358886718
401 165.77031555175782
402 250.90941945859404
403 241.25629272460938
404 203.50636596679686
405 191.47431335449218
406 184.4531219482422
407 225.08704804589405
408 197.51421508789062
409 246.12605895996094
410 193.46839294433593
411 151.13328247070314
412 230.31841125488282
413 200.8085205078125
414 253.06527404785157
415 195.33265380859376
416 262.85276489257814
417 184.7592529296875
419 245.98457946777344
420 213.1104248046875
421 188.01288757324218
422 177.0185516357422
423 233.6591766357422
424 213.39534606933594
425 176.7537384033203
426 198.90091552734376
427 243.65621948242188
428 184.44412841796876
429 241.70421447753907
430 209.99355773925782
431 227.17652893066406
432 251.823388671875
433 204.40685119628907
436 204.2343536376953
437 211.51052856445312
438 257.99375915527344
439 234.89385854863167
440 240.83831787109375
441 257.7129669189453
442 202.26280822753907
443 205.25389099121094
444 186.7868621826172
446 181.98993835449218
447 187.0737548828125
448 216.62217712402344
449 206.11445007324218
450 207.5900115966797
451 240.3128863694746
452 180.077880859375
453 232.365188700077
454 278.8356936512287
455 178.52750549316406
457 235.15527954101563
458 218.30828552246095
459 223.64905700683593
460 185.1248016357422
461 225.31507568359376
462 252.54832763671874
463 209.56046447753906
465 225.39400634765624
466 250.2405029296875
467 240.63738403320312
468 227.9901123046875
469 258.58003644970825
470 206.5109100341797
471 233.76463012695314
472 215.48229370117187
473 230.36815795898437
474 251.16419982910156
475 233.6732421875
476 208.4483856201172
477 209.497509765625
478 249.13939208984374
479 201.18658142089845
480 187.86805725097656
481 190.43873901367186
482 232.81603646972562
483 232.8633575439453
484 224.11872253417968
485 173.84562072753906
486 246.5871124267578
487 220.61272583007812
488 180.79088439941407
489 178.08224487304688
490 225.40495910644532
491 200.21267395019532
493 172.30894165039064
494 209.25425720214844
495 236.57845764160157
496 247.17117919921876
497 222.89291076660157
498 188.00709533691406
499 211.587353515625
500 204.43314514160156
503 280.4461669921875
504 207.98917236328126
505 174.68526916503907
506 214.93533325195312
507 218.75599670410156
508 236.9743675196231
509 191.64696655273437
510 215.76029357910156
511 194.90123291015624
512 195.67196960449218
513 199.42473449707032
514 209.6720135211559
515 250.792041015625
516 227.23457699043394
517 186.79023132324218
518 197.92974853515625
519 207.27341918945314
520 222.7694221277461
521 196.48772888183595
522 216.88656921386718
523 193.0760711669922
524 220.70921325683594
526 217.89148864746093
528 218.4201416015625
529 182.55072937011718
531 200.02100830078126
532 187.69632568359376
533 176.53255310058594
534 242.3537139892578
535 175.129134894908
536 160.7524383544922
537 212.3717071533203
538 184.8707275390625
539 251.2547393798828
540 258.9610992431641
541 233.45655517578126
542 210.80130310058593
543 219.23858032226562
544 219.03504943847656
545 192.07492065429688
546 214.81204223632812
547 229.19190979003906
548 239.96751403808594
549 236.46236572265624
550 228.04204406738282
551 209.08603210449218
552 208.41229858398438
553 208.16399230957032
555 189.02960205078125
556 192.861474609375
557 264.29841367122634
558 211.39195861816407
559 234.18399554890738
561 249.04930725097657
562 222.9785125732422
563 218.9265869140625
564 204.92506103515626
565 189.76317443847657
566 216.39261779785156
567 238.39620666503907
568 252.83360900878907
569 193.5912109375
570 214.4786834716797
571 223.8810607910156
572 193.39114685058593
573 165.1371337890625
574 207.58817138671876
575 165.90320434570313
576 231.7592987060547
577 245.98021545410157
579 198.5904083251953
580 209.80581970214843
581 205.0307403564453
582 225.24305725097656
583 235.41493225097656
584 226.2615478515625
585 196.48528137207032
586 189.5204345703125
587 212.1434783935547
588 236.8086306087568
589 224.32225036621094
590 232.21377563476562
591 204.71240844726563
592 181.6962921142578
593 228.7903625488281
594 185.73824462890624
595 254.1699951171875
596 190.07535095214843
597 205.53856811523437
599 177.40899963378905
600 241.2799285888672
602 282.4614013671875
603 233.08753051757813
604 211.4440155029297
605 243.6598851970372
606 205.35877990722656
607 247.67574255641748
608 194.2790100097656
609 236.57679443359376
610 212.02326354980468
611 217.15139770507812
612 213.43984375
613 211.55836181640626
614 231.23800964355468
615 264.29815673828125
616 220.05429382324218
617 192.95209793939725
618 237.81033935546876
619 228.51759033203126
620 233.9402862548828
621 189.391357421875
622 223.95104370117187
624 206.74200744628905
625 204.67519836425782
626 209.8296635652893
627 255.12520160547462
628 186.0969665527344
629 233.35848693847657
630 231.4548095703125
631 181.0745086669922
632 200.26184692382813
633 243.55242614746095
634 173.7610656738281
635 216.78280334472657
637 238.63443603515626
638 213.95889587402343
639 245.09363403320313
640 200.8964080810547
641 255.6505889892578
642 237.2369842529297
643 222.91311645507812
644 187.5799591064453
645 171.47158508300782
646 189.30220947265624
647 238.2622802734375
648 271.2759582519531
649 236.51353454589844
650 171.50550231933593
653 201.7680557817244
655 197.40879821777344
656 215.58134765625
657 246.71222839355468
658 224.3186248779297
659 248.92822875976563
660 205.07803039550782
661 210.57807312011718
662 207.69105834960936
663 267.0476928710938
664 207.677197265625
665 214.94707946777345
666 209.5597717285156
667 169.8514892578125
668 212.44170227050782
669 173.87430725097656
670 205.18174743652344
671 233.18004760742187
672 221.22037658691406
673 225.07255859375
674 195.90221252441407
675 220.4394073486328
676 198.18225708007813
677 211.6961700439453
678 202.48674926757812
679 152.444482421875
680 237.65632019042968
681 211.6897735595703
682 187.31338500976562
684 193.05254516601562
685 201.04678955078126
686 265.4359619140625
687 197.16986083984375
688 241.76264038085938
689 222.7268524169922
690 185.62403564453126
691 239.4128631591797
692 254.44318237304688
693 213.49034118652344
694 176.4440460205078
695 259.0512390136719
696 170.61090087890625
697 194.06867065429688
698 201.92623291015624
699 233.6270324707031
700 208.6263155495696
701 190.47875366210937
702 204.4686767578125
703 225.44630126953126
704 194.5212188720703
705 204.0851806640625
706 210.53970031738282
707 234.70528869628907
708 201.71069946289063
710 212.7810791015625
713 207.95904846191405
714 207.8703582763672
715 173.31656494140626
716 198.67772827148437
718 272.1895690917969
721 211.8591064453125
722 230.1408447265625
723 219.50502319335936
724 233.5707763671875
725 222.0893524169922
726 249.4685302734375
727 207.68731689453125
728 201.24630737304688
729 237.1492184899556
730 203.1804443359375
731 214.50772399902343
732 182.57860717773437
733 218.81038513183594
734 206.20239585651
735 197.86912231445314
736 198.36451721191406
737 286.8112548828125
739 193.51312255859375
740 180.23710021972656
741 197.9674835205078
742 179.00430908203126
743 210.59913240803434
744 236.12485086641328
745 223.3116912841797
746 228.84332885742188
747 184.21539611816405
748 251.394035896995
749 226.06472778320312
750 176.82910766601563
751 227.63691101074218
752 259.5500854492187
755 217.64325256347655
756 185.68399963378906
757 187.41393127441407
758 199.4715789794922
761 227.54568481445312
762 235.70000915527345
763 281.9684326171875
764 248.84592507697545
767 235.48337097167968
768 209.8013916015625
769 223.77086181640624
770 245.74689025878905
771 200.7281005859375
772 194.16918029785157
773 187.0903076171875
774 240.29921875
775 250.44220581054688
776 228.2189453125
777 173.22207641601562
780 212.34871826171874
781 214.6426971435547
782 233.20256958007812
783 186.4423828125
784 216.23712768554688
785 253.13697204589843
786 239.52450256347657
787 184.68019409179686
788 234.8591552734375
789 213.332666015625
790 254.86961975097657
791 246.39489135742187
792 158.0077911376953
793 165.82776489257813
794 244.736279296875
795 180.22445068359374
796 233.51720275878907
797 217.8853332519531
798 214.85682067871093
799 214.63437076107084
800 207.97895950225112
801 211.2683135986328
802 239.30029296875
803 237.60965881347656
804 198.57583312988282
806 149.53525085449218
807 224.64800109863282
808 249.06228942871093
809 217.66997680664062
810 205.8169921875
811 172.55010986328125
812 154.7775085449219
813 199.72911987304687
814 204.0081573486328
815 237.9576873779297
817 224.2903564453125
818 233.38009948730468
819 221.4571533203125
820 247.62769470214843
821 202.34512939453126
822 205.7906707763672
823 191.4351348876953
824 184.30669250488282
825 242.59656982421876
826 261.8697875976562
827 242.2327453613281
828 213.07007446289063
829 184.33558959960936
830 222.09013977050782
832 212.73141479492188
833 201.09390258789062
834 214.90604248046876
836 173.1072540283203
837 203.3958984375
838 208.430322265625
839 192.81762084960937
840 241.2550048828125
841 215.67500135569972
842 226.59264526367187
843 198.87428515235192
844 225.62691650390624
845 225.48545837402344
846 192.23373107910157
847 219.79554138183593
848 237.78993225097656
849 206.4830291748047
850 152.3244201660156
851 179.52515258789063
852 222.37702331542968
853 200.30006793122985
854 263.83167724609376
855 190.18008422851562
856 210.68970947265626
857 165.67938232421875
858 190.1807403564453
859 187.6642639160156
860 185.43527485170824
862 269.4280090332031
863 246.9587860107422
865 187.89214095383946
866 218.44105392858637
867 193.0580833898676
868 219.13375244140624
869 218.55977478027344
870 225.4127197265625
871 207.57969360351564
872 220.6074951171875
873 253.88988647460937
874 230.02838745117188
875 215.4570770263672
876 221.60387573242187
877 207.86595153808594
878 265.2308654785156
879 221.1611934377408
880 234.92645874023438
881 268.68018798828126
882 189.3896514892578
883 203.964013671875
884 231.65650329589843
885 225.20731506347656
886 223.9191969859632
887 207.40715637207032
888 217.0463073730469
890 184.00929260253906
892 218.67337036132812
893 231.85318298339843
894 211.36436632648702
896 232.99940185546876
897 267.4766143250317
899 236.93600769042968
900 249.74010314941407
901 223.77267761230468
902 263.69755859375
903 245.66409912109376
904 202.01873168945312
905 172.2909423828125
906 227.16670837402344
907 213.1358184814453
910 236.313720703125
911 220.80946044921876
912 206.38684692382813
913 203.1068908691406
914 225.42079162597656
915 262.74866943359376
916 172.08135070800782
917 237.9031802552733
918 165.27764587402345
919 216.08764038085937
920 203.91304931640624
922 203.95924072265626
923 230.36215209960938
924 234.23372497558594
925 229.92132568359375
926 197.62155151367188
927 223.19593811035156
928 181.28057250976562
929 249.32013877720928
930 191.41119689941405
931 218.84406127929688
932 198.95760498046874
933 218.16517333984376
934 232.31684265136718
935 189.54318237304688
936 228.4597625732422
937 217.99530334472655
938 198.94536257082487
939 211.91734008789064
940 197.7661926269531
941 204.3735809326172
943 228.77383728027343
944 208.6007843017578
945 228.6122314453125
946 200.79798583984376
947 207.0732635498047
948 215.32345886230468
949 247.80641479492186
950 193.958251953125
951 196.9208251953125
952 236.16790466308595
953 363.09808959960935
954 242.42472229003906
955 253.06143188476562
956 210.09740295410157
958 206.31024169921875
959 183.34943237304688
960 199.721240234375
963 184.70426330566406
964 228.90664672851562
965 166.5343811035156
966 241.7309783935547
967 177.410595703125
968 223.81926574707032
969 255.51404418945313
970 237.48345947265625
971 221.33190002441407
972 241.18445129772118
973 196.04740256683917
974 219.82570190429686
975 238.50746001484313
976 202.19341125488282
977 223.01234130859376
978 217.15606079101562
979 240.9817138671875
980 226.4873504638672
981 186.35293273925782
982 189.29756774902344
983 249.377392578125
984 238.50489196777343
985 209.0190856933594
986 198.0616912841797
987 214.8388671875
988 248.09695739746093
989 228.16505737304686
991 238.15606220541653
995 196.50620727539064
996 248.74430209677035
997 190.9064727783203
998 210.8145721435547
999 231.781396484375
1000 168.41391296386718
1001 211.40634460449218
1002 259.1853332519531
1003 220.31635903790726
1004 207.469189453125
1005 197.16336669921876
1006 263.1465576171875
1007 187.31997375488282
1008 214.66474427665258
1009 174.24794921875
1010 178.7792205810547
1011 236.93772888183594
1012 235.02196350097657
1013 242.0964599609375
1014 160.38617858886718
1015 237.90172119140624
1016 209.68931967372646
1017 209.55365600585938
1018 165.7596435546875
1019 202.29249572753906
1020 201.55004272460937
1021 202.74607543945314
1022 216.6772888183594
1023 221.1643798828125
1024 165.76036682128907
1025 219.62579040527345
1026 187.62815551757814
1027 238.33771667480468
1028 224.7883056640625
1029 199.21022033691406
1030 250.3237091064453
1031 198.75729675292968
1032 217.14108889359045
1033 193.19866333007812
1034 191.90472412109375
1035 208.40516967773436
1036 192.47237548828124
1037 246.69212646484374
1038 235.62913208007814
1039 201.49046020507814
1041 217.0802459716797
1042 220.2410095214844
1043 216.14830853351003
1044 214.72630615234374
1045 211.16346130371093
1046 227.71839904785156
1047 195.00531005859375
1048 237.86058959960937
1049 198.05174560546874
1051 203.70435485839843
1052 269.0879638671875
1053 187.3742919921875
1054 157.1403839111328
1055 234.47551574707032
1056 210.2734059847192
1058 201.7218017578125
1059 210.93603515625
1060 219.2350067138672
1061 200.86741943359374
1062 231.3851318359375
1063 283.8597717285156
1064 210.5913299560547
1066 196.32293701171875
1067 250.17705688476562
1068 284.6047053942208
1069 249.87542114257812
1070 249.15783199838143
1071 188.0458740234375
1072 175.20737915039064
1073 189.62400817871094
1074 237.01427612304687
1075 253.1235382080078
1076 218.84320983886718
1077 180.4794158935547
1078 205.15256958007814
1080 204.37899475097657
1081 217.90896911621093
1082 207.39710083007813
1083 248.8310188948639
1085 275.8357299804687
1086 174.22434692382814
1087 223.0016662597656
1088 230.85696716308593
1090 236.12648010253906
1091 266.04717407226565
1092 237.8062744140625
1093 197.960470129504
1094 194.17197875976564
1096 209.9986358642578
1097 230.78056945800782
1098 181.47638549804688
1099 177.15464782714844
1100 250.071923828125
1101 258.23350219726564
1102 242.73334655761718
1103 207.5384765625
1104 231.53651123046876
1105 221.23866577148436
1106 212.64367139733548
1107 176.9615051269531
1108 246.75890502929687
1109 198.6305694580078
1110 241.12356641553606
1111 270.5964660644531
1112 233.03618469238282
1113 221.34695739746093
1114 215.53768920898438
1115 213.7860107421875
1116 218.5099304199219
1117 236.95255126953126
1118 216.5353767601855
1119 247.49657592773437
1120 224.3590244535797
1121 225.7912170410156
1122 246.65029907226562
1123 213.02086486816407
1124 221.94927978515625
1125 234.71259460449218
1126 172.16849670410156
1127 206.494677734375
1128 266.36788597737376
1129 201.4315399169922
1130 225.6908172607422
1131 189.41004638671876
1133 177.7612731933594
1134 196.78095703125
1135 220.47366943359376
1136 208.43697204589844
1137 208.05343545960878
1138 223.34170227050782
1140 245.63425903320314
1141 259.6476776123047
1142 256.45232543945315
1143 184.814501953125
1144 193.2714874267578
1145 230.54814453125
1146 201.1150146484375
1147 224.03420715332032
1149 208.0515625
1150 214.35235290527345
1151 189.33383178710938
1152 246.90143737792968
1153 236.80789184570312
1154 185.82745971679688
1155 178.82149658203124
1156 184.37347106933595
1157 191.8023193359375
1158 213.64767761230468
1159 188.20587463378905
1160 185.45963439941406
1161 243.25216674804688
1162 212.611572265625
1163 231.44997863769532
1164 193.86148681640626
1166 230.64561462402344
1167 175.16713256835936
1168 205.28953857421874
1169 241.75513916015626
1170 233.00151977539062
1172 211.9732879638672
1173 268.8012390136719
1174 196.288330078125
1175 207.41739501953126
1176 254.0006327180065
1177 216.3800811767578
1178 241.5136962890625
1179 203.30164489746093
1180 171.95466003417968
1181 293.7239074707031
1182 263.7360107421875
1183 193.23092956542968
1184 197.80430297851564
1185 242.14875260149302
1186 208.9221221923828
1187 163.7802947998047
1188 244.14877624511718
1189 229.61259931089762
1190 211.080810546875
1191 237.72283935546875
1192 267.3841064453125
1193 212.93943786621094
1194 185.81794128417968
1195 181.66805114746094
1198 204.8992889404297
1199 222.14451904296874
1201 232.5314927627438
1202 191.38466186523436
1203 182.6045166015625
1204 235.7115174704893
1205 194.90945739746093
1206 199.87722473144532
1208 210.7492462158203
1209 203.089501953125
1210 194.1345642089844
1211 192.93077392578124
1212 233.08155822753906
1213 233.28209533691407
1215 188.8885467529297
1216 222.90069885253905
1217 195.94508056640626
1218 257.7027618408203
1219 223.02385559082032
1220 191.0102966308594
1221 233.02066955566406
1222 217.7134033203125
1223 212.5986328125
1225 202.69850158691406
1226 263.1657257080078
1228 226.11941223144532
1229 205.1715515136719
1230 221.65877990722657
1231 253.42074890136718
1233 235.58840942382812
1234 271.20435791015626
1235 206.40394592285156
1236 205.04395446777343
1237 237.15216979980468
1238 205.45492553710938
1241 221.87969676188126
1242 181.11406555175782
1243 241.62381896972656
1244 192.22723999023438
1245 183.69194946289062
1246 197.8144958496094
1247 226.73782653808593
1248 189.8276336669922
1249 223.02082214355468
1250 241.5554229736328
1251 218.84249877929688
1252 193.9398651123047
1253 225.12979431152343
1254 200.37533874511718
1255 190.84158325195312
1256 185.99664001464845
1257 246.29779052734375
1258 229.5839385986328
1259 242.04677124023436
1260 261.5529357910156
1261 188.86703491210938
1262 221.60870990463727
1264 238.18285522460937
1265 218.0781005859375
1266 185.83124389648438
1267 196.78104248046876
1268 198.0865020751953
1269 215.55248107910157
1270 273.39097290039064
1271 172.72724304199218
1273 187.04386291503906
1274 236.6759033203125
1275 232.57179565429686
1277 206.09088745117188
1278 176.1312469482422
1279 227.66050720214844
1280 183.3842559814453
1281 258.7664520263672
1282 233.04955139160157
1283 209.69767150878906
1285 173.77887573242188
1286 233.1844940185547
1287 224.80792236328125
1289 196.15750732421876
1290 237.388330078125
1291 210.07303466796876
1292 236.0537322998047
1293 237.5637739161986
1294 234.16671447753907
1295 189.8084716796875
1296 256.63694458007814
1297 185.12530822753905
1298 204.49725341796875
1299 240.6148193359375
1301 250.44618225097656
1302 210.80551452636718
1303 211.54453488762042
1304 226.36549377441406
1305 202.32196655273438
1308 261.0815795898437
1309 263.97411072483726
1310 192.3761993408203
1311 182.73850708007814
1312 206.2427764892578
1313 187.5076171875
1314 237.12722778320312
1315 252.71018315856696
1316 223.2647674560547
1318 205.78211669921876
1319 207.0361358642578
1320 192.64189453125
1321 193.59076538085938
1322 250.26230163574218
1323 221.79284057617187
1324 213.85555114746094
1325 245.02557983398438
1326 200.0178253173828
1328 206.213427734375
1329 202.7821258544922
1331 205.58436279296876
1332 196.13150024414062
1333 262.18816528320315
1334 237.2862579345703
1335 252.6628875732422
1336 193.73240966796874
1337 286.57744140625
1339 183.95242919921876
1340 195.40528564453126
1341 195.0977996826172
1342 226.91275329589843
1343 228.71721884084909
1344 239.0383758544922
1345 207.12362060546874
1346 198.7328369140625
1347 225.60989990234376
1348 225.82373657226563
1349 222.9541015625
1350 189.78103942871093
1351 183.77257385253907
1352 207.0797607421875
1353 249.6426574707031
1354 210.04046630859375
1355 246.71041870117188
1356 217.26502685546876
1357 197.33494262695314
1358 217.18040161132814
1359 242.18341064453125
1360 252.94351196289062
1362 244.7080505371094
1363 249.86414794921876
1364 227.97516479492188
1365 251.08098754882812
1366 262.2972717285156
1367 224.74001770019532
1368 206.01532897949218
1369 208.3014709472656
1370 202.54778747558595
1371 248.30930786132814
1372 208.51171264648437
1374 240.71575012207032
1376 205.75147094726563
1377 198.455322265625
1378 216.06633605957032
1379 247.8776397705078
1380 279.1726989746094
1381 223.3853729248047
1382 219.0581268310547
1383 225.67535705566405
1384 253.35318603515626
1385 198.90121154785157
1386 207.11550903320312
1387 190.3026092529297
1389 223.5322235107422
1390 267.50519409179685
1391 282.7143127441406
1392 175.26407165527343
1393 209.10109654841168
1394 225.83287963867187
1395 212.7379180908203
1396 179.5830078125
1397 207.34161376953125
1398 196.80768737792968
1399 223.70302726138056
1400 202.08171997070312
1401 202.80554809570313
1404 230.82744140625
1405 202.0670928955078
1406 221.23006896972657
1407 233.10558166503907
1408 184.9165069580078
1409 194.19440002441405
1411 273.215201481404
1412 250.7779327392578
1413 188.80941162109374
1414 194.34742736816406
1415 234.80955810546874
1416 185.28118896484375
1417 234.93299865722656
1418 216.7806640625
1419 177.2227813720703
1420 236.98439025878906
1421 197.7173065185547
1422 225.76537475585937
1423 217.08352355957032
1424 187.16473083496095
1425 238.41234741210937
1426 220.1509582519531
1427 258.65227661132815
1428 222.4927978515625
1429 211.4873046875
1430 210.524853515625
1431 186.96912231445313
1432 222.28656005859375
1433 232.41045837402345
1434 263.3754577636719
1435 239.1332275390625
1437 228.40955200195313
1438 217.9093475341797
1439 204.95931091308594
1440 229.49555404602697
1441 194.550927734375
1442 182.17266235351562
1443 204.44512634277345
1444 197.66466369628907
1447 208.239892578125
1448 205.46136169433595
1450 221.85878295898436
1451 209.82717590332032
1452 226.3891143798828
1453 232.67361450195312
1454 183.323486328125
1456 208.70057678222656
1458 215.98079528808594
1459 196.90393676757813
1460 241.87946166992188
1461 190.1166229248047
1462 194.40711669921876
1463 211.71149597167968
1464 207.92981567382813
1465 187.44024932348373
1466 244.34933166503907
1467 202.60895385742188
1470 191.08876037597656
1471 225.0692067322231
1472 215.82684020996095
1473 251.60233074030447
1474 244.87779235839844
1475 246.22096557617186
1476 219.53949279785155
1477 260.9095793726266
1478 191.06558532714843
1479 224.94155578613282
1480 223.56436157226562
1481 243.8671630859375
1482 199.64822998046876
1483 225.62944946289062
1484 190.87232666015626
1485 246.36852111816407
1486 215.2606628417969
1487 195.0077880859375
1488 222.54799251030536
1489 218.35174255371095
1490 181.0668212890625
1491 204.38412170410157
1492 210.74664611816405
1493 188.75543212890625
1494 197.91981506347656
1495 212.23359069824218
1496 192.21131896972656
1497 200.67962341308595
1498 222.62237854003905
1499 178.27633361816407
1500 192.3219970703125
1501 168.9831756591797
1502 151.76260375976562
1504 240.41676635742186
1506 250.00090942382812
1508 189.77654306242576
1509 222.818701171875
1510 228.90128479003906
1511 227.3206359863281
1512 223.62887268066407
1513 228.34637451171875
1514 191.4677490234375
1515 236.73191833496094
1516 169.0135925292969
1517 225.65806884765624
1518 192.0630089320712
1519 184.86751403808594
1520 229.8482452392578
1521 239.4881134033203
1522 195.711316118532
1523 203.25038452148436
1524 239.8663757324219
1525 208.9334930419922
1526 239.38025817871093
1527 202.37689208984375
1528 239.503515625
1529 252.40735473632813
1530 174.9229766845703
1531 224.40142852661901
1532 223.47584533691406
1533 222.22531433105468
1534 187.50613403320312
1535 204.77102966308593
1537 172.49928283691406
1538 228.3841583251953
1539 541.2462646484375
1540 237.37509765625
1541 192.81068725585936
1542 197.11812744140624
1543 192.6642333984375
1544 222.04934387207032
1545 232.6368438720703
1546 228.98914184570313
1547 251.822216796875
1548 212.32330932617188
1549 248.44571838378906
1550 225.89541625976562
1551 223.7065002441406
1553 186.58761291503907
1554 212.66938171386718
1555 176.34055786132814
1556 205.8732940673828
1557 224.01201171875
1558 218.54648132324218
1559 234.71400146484376
1560 185.35955505371095
1561 219.14340515136718
1563 175.66079406738282
1564 257.34776000976564
1565 216.05308837890624
1566 221.58008422851563
1567 216.26276245117188
1569 193.26076965332032
1570 240.91705017089845
1571 252.34690856933594
1572 226.00749048585016
1573 222.56200256347657
1574 236.02214660644532
1575 220.6404683197574
1576 256.2922760009766
1577 231.44241333007812
1578 216.17069396972656
1579 195.30863342285156
1582 233.25494384765625
1583 184.39439086914064
1584 248.26173706054686
1585 221.90261535644532
1586 219.06467686152683
1587 201.56165161132813
1588 171.7984375
1589 216.69403381347655
1590 194.04213678441752
1591 217.41781005859374
1592 231.99814147949218
1593 184.26985778808594
1594 224.3776611328125
1595 172.90223693847656
1596 204.74822387695312
1597 222.856103515625
1598 232.04171142578124
1599 266.7936279296875
1600 209.18189697265626
1601 245.81722717285157
1602 211.21377868652343
1603 180.43641357421876
1604 275.62651842332605
1605 281.5541137695312
1606 226.49006042480468
1607 207.50336184246672
1608 229.2307891845703
1609 232.7594757080078
1610 189.32314453125
1611 207.98244018554686
1612 203.94891052246095
1613 169.80516662597657
1614 202.37603759765625
1615 272.3954803466797
1616 237.29497985839845
1617 193.58737182617188
1618 191.93895568847657
1620 231.73053894042968
1621 213.4511749267578
1622 224.21846923828124
1623 198.08544921875
1624 179.27953491210937
1626 214.5617645263672
1627 212.31175842285157
1628 243.68267517089845
1629 227.41497192382812
1630 224.78049926757814
1631 204.3409851074219
1632 170.18099670410157
1633 185.78344116210937
1634 254.40029907226562
1635 196.7928680419922
1636 206.71631774902343
1637 218.51769104003907
1638 228.99351501464844
1639 174.96556396484374
1640 246.9763977050781
1641 226.06652221679687
1642 235.48788538359932
1643 177.78501892089844
1644 227.11888122558594
1645 215.0832946777344
1646 216.7654571533203
1647 201.61194763183593
1648 213.88380432128906
1649 233.96006774902344
1650 173.15533752441405
1651 160.19921264648437
1652 239.8096893310547
1653 202.5116943359375
1654 216.6416015625
1655 214.3182159423828
1656 184.7635070800781
1657 226.89336547851562
1658 188.62676391601562
1659 223.01830139160157
1660 199.2925598144531
1661 216.91921691894532
1662 242.4298459442345
1664 196.40789794921875
1666 237.57410583496093
1667 245.4731658935547
1668 188.94210266514324
1669 225.8987243652344
1670 225.1804962158203
1671 251.06151123046874
1672 164.39374694824218
1673 201.0588623046875
1674 184.51842651367187
1675 200.42828674316405
1676 233.0102057662582
1677 247.093359375
1678 188.41694030761718
1679 220.86902351640092
1680 220.70273785745766
1681 199.83799438476564
1682 182.2553497314453
1683 207.05845336914064
1684 170.61475219726563
1685 213.63246237708572
1686 224.8731719970703
1687 207.79281616210938
1688 204.88568115234375
1689 179.56888368984824
1690 209.60859069824218
1691 200.8168212890625
1693 325.93397827148436
1694 214.02640075683593
1695 253.77352294921874
1696 237.27687072753906
1697 190.61712341308595
1698 213.29601135253907
1699 179.6568634033203
1701 187.69153747558593
1702 207.76988220214844
1703 192.19652099609374
1704 221.77040100097656
1705 204.55235290527344
1706 179.90658874511718
1707 212.4492919921875
1708 211.6320037841797
1709 240.6465576171875
1710 207.40904541015624
1712 242.21215104421626
1713 199.51381225585936
1714 242.49239807128907
1715 186.6517303466797
1716 254.08109436035156
1717 194.55614013671874
1718 271.59607522319703
1719 245.84653930664064
1720 257.8931121826172
1721 252.48046875
1722 216.19232788085938
1723 177.73802185058594
1724 231.67621765136718
1725 224.55103059009534
1727 201.43575134277344
1728 204.154736328125
1729 212.19351196289062
1730 225.56188354492187
1731 183.056298828125
1733 209.20937805175782
1734 221.83736131899656
1735 229.33473510742186
1736 236.85182495117186
1737 186.98589782714845
1738 188.38773193359376
1739 218.73312377929688
1740 197.64083557128907
1741 204.31859741210937
1742 246.2244571772801
1743 233.4650146484375
1744 253.91651916503906
1745 189.087451171875
1748 190.1497375488281
1749 200.21341247558593
1750 172.25396423339845
1751 263.4595458984375
1752 229.83291625976562
1753 215.31058044433593
1754 210.28854675292968
1755 223.86134338378906
1756 222.83289184570313
1757 225.07278747558593
1758 228.3279571533203
1759 182.03402404785157
1760 222.05848999023436
1761 228.5001190185547
1762 223.95371704101564
1763 191.87667236328124
1764 185.84095458984376
1765 204.04578857421876
1766 247.12147216796876
1767 195.1241455078125
1768 203.16542358398436
1769 231.87378540039063
1770 233.72633666992186
1771 241.34497985839843
1772 240.2277374267578
1773 250.070556640625
1774 222.49117126464844
1775 260.5622589111328
1776 197.19617614746093
1777 245.17511291503905
1778 216.54457397460936
1779 191.72508544921874
1780 213.70184431864263
1781 259.4801879882813
1783 216.46529235839844
1784 215.05489196777344
1785 266.8939208984375
1786 196.5951721191406
1787 183.89171142578124
1788 224.73896242868128
1789 185.16748875455568
1790 195.65943908691406
1791 198.31900329589843
1792 211.71741333007813
1794 173.07190551757813
1795 216.203874721379
1796 206.76897888183595
1797 248.9486511230469
1798 216.30752868652343
1799 228.90188293457032
1800 196.06882175342673
1801 232.12557067871094
1802 208.95831604003905
1803 226.23673095703126
1804 246.49393310546876
1805 180.75571899414064
1806 190.64554138183593
1807 203.66278381347655
1808 209.6692138671875
1810 207.47142333984374
1811 202.0585479736328
1812 250.10304076179153
1813 185.96636047363282
1814 269.87323608398435
1815 188.49443664550782
1816 193.6954315185547
1817 210.51768493652344
1818 228.99379272460936
1820 278.8429809570313
1821 176.24713745117188
1822 229.5526885986328
1823 232.18585815429688
1824 206.8275115966797
1825 265.4938049316406
1826 199.2990966796875
1827 179.9185791015625
1828 216.98873291015624
1830 188.84732360839843
1831 216.78614196777343
1832 230.39500122070314
1833 188.56436157226562
1834 165.06143188476562
1836 244.51470336914062
1839 188.08606567382813
1840 210.0637420654297
1841 221.25638732910156
1842 260.89439086914064
1843 188.65568160175246
1844 209.20905456542968
1845 251.2738464355469
1846 184.50493774414062
1847 212.84707336425782
1848 218.05894775390624
1849 210.45889892578126
1850 193.78643493652345
1851 202.8746002092174
1852 211.23158264160156
1853 185.2160888671875
1854 219.74976806640626
1855 203.87969665527345
1856 208.8540496826172
1857 212.53294067382814
1859 195.14849853515625
1861 202.04691467285156
1862 264.40155639648435
1863 174.04752197265626
1864 188.3828887939453
1865 200.16481018066406
1867 206.10776062011718
1868 232.83108520507812
1869 194.68545113228407
1870 184.5437805175781
1871 247.5626220703125
1872 194.91175537109376
1873 188.87241821289064
1874 266.189404296875
1875 219.6859893798828
1876 195.24412517376643
1877 227.99908142089845
1878 239.39342346191407
1879 186.02957458496093
1880 225.6666687011719
1881 196.85269775390626
1882 185.94729919433593
1884 225.54591674804686
1886 265.5074157714844
1887 195.96450059104473
1888 195.13709411621093
1889 201.25693969726564
