1 333.3934692382812
2 275.47449181712875
3 279.0718719482422
4 330.8322052001953
6 280.8223480224609
7 297.0657501220703
8 313.348974609375
9 314.9280120849609
10 303.9176361083984
11 274.54500579833984
13 332.9768303781319
14 289.1328552246094
15 294.8474365234375
16 288.7143920898437
17 271.804443359375
18 328.989501953125
19 298.4897399902344
20 341.0480194091797
21 280.6910598754883
22 289.9060546875
23 296.29005126953126
24 301.4629364013672
25 300.98011779785156
26 328.5972015380859
28 273.4490081787109
30 281.2953109741211
31 328.18311767578126
33 296.42307434082034
34 293.29783935546874
36 276.46136044261794
37 300.2473342895508
38 281.5525634765625
39 280.49805009569127
40 288.78699645996096
41 278.9344879150391
43 331.55012143484083
44 337.17755432128905
45 293.2177001953125
46 294.07399597167966
47 238.95153350830077
48 231.194384765625
49 278.9468933105469
51 310.22869567871095
52 352.47300415039064
53 330.9377872036409
54 264.12328033447267
56 293.6418823242187
57 334.1279357910156
58 269.73729553222654
59 308.08493183066696
60 347.81297912597654
61 316.3756591796875
62 303.73757019042966
63 305.8207672119141
65 289.115299987793
67 307.34339599609376
68 268.2834930419922
69 343.3598987591606
70 289.2771331787109
71 329.26165771484375
72 330.5682647705078
73 285.0362579345703
74 280.64377746582034
75 326.9845245361328
76 326.67379009136494
77 309.4806396484375
78 350.92311706542966
79 322.7131652832031
80 305.5593597412109
81 302.72106018066404
82 270.945703125
83 284.2397003173828
84 268.68610229492185
85 342.3718205692604
86 285.3246704101563
87 285.10198974609375
88 310.32039836945177
89 327.8957800629855
90 303.86509704589844
92 291.63678283691405
94 296.5674530029297
95 262.05919952392577
96 281.8893585205078
