1 330.6814219156901
2 266.9656066894531
3 276.34911092122394
4 326.5418955485026
5 278.6706034342448
7 293.9671173095703
8 311.99158732096356
9 312.04754638671875
10 299.3336130777995
11 276.51145935058594
12 264.43114471435547
13 327.6613362630208
14 283.27178446451825
15 289.9069061279297
16 284.4519297281901
17 264.96917724609375
18 325.6756998697917
19 296.6722157796224
20 333.7161458333333
21 275.86009470621747
22 284.49842325846356
23 294.70920817057294
24 297.8672332763672
25 297.30808512369794
26 324.5148620605469
28 269.6439615885417
29 295.71435546875
30 273.22607167561847
31 325.6800231933594
32 265.36606852213544
33 292.7500966389974
34 290.8421173095703
35 287.3358510335286
36 271.6022694905599
37 292.5725835164388
38 276.6663004557292
39 273.8683166503906
40 284.99964396158856
41 274.0676727294922
42 297.3212636311849
43 326.097538206831
44 333.4948018391927
45 287.0435841878255
46 290.22764587402344
47 231.41429138183594
48 227.9872589111328
49 274.26527404785156
51 307.4129231770833
52 348.84612528483075
53 328.30115763346356
54 259.65372975667316
55 293.71544392903644
56 286.1255137125651
57 330.9878285725911
58 261.6005554199219
59 303.29266866048175
60 332.5220642089844
61 313.9045054117839
62 297.5190734863281
63 302.5590108235677
64 315.93979899088544
65 283.2567418416341
67 304.90064493815106
68 265.01885477701825
69 338.0839487711589
70 283.21155802408856
71 323.65427652994794
72 325.16552734375
73 281.3343251546224
74 278.0653432210286
75 322.21038818359375
76 321.33985392252606
77 304.1914469401042
78 347.9523417154948
79 318.3322245279948
80 301.2720896402995
81 298.6862080891927
82 264.05055745442706
83 280.2179412841797
84 261.26902262369794
85 334.44423421223956
86 281.3280995686849
87 283.0996500651042
88 305.97185332083114
89 324.3694661458333
90 301.540278116862
92 286.845458984375
93 312.70726013183594
94 289.7354278564453
95 260.1629460652669
96 278.3319091796875
