0 202.45975494384766
1 195.65714035658948
2 196.8001276652018
3 217.09142557779947
5 223.12257639567056
6 222.30250743539668
7 176.34950256347656
8 251.90517815262925
9 201.6860097249349
10 207.02185567220053
11 187.4676259358724
12 224.183224995931
14 284.6947479248047
15 202.7284701943619
18 191.03863779703775
19 241.24471282958984
20 200.9304987589518
21 213.63659159342447
22 217.29213205973306
23 167.19173940022787
24 186.9156977335612
25 226.00210571289062
26 213.41432444254556
27 196.7122319539388
30 238.11941528320312
32 267.1529591878255
34 239.37522888183594
36 205.038698832194
37 217.15233103434244
38 213.5846913655599
39 193.01532745361328
40 186.10595703125
41 179.62564849853516
42 190.20130920410156
43 202.59405263264975
44 261.35946594954635
45 237.24112701416016
46 208.80592346191406
48 250.92030334472656
50 276.8392536092918
52 218.94094848632812
53 173.48583221435547
54 216.0985895792643
56 218.53526814778647
57 242.7021052042643
59 220.62932586669922
60 208.02244567871094
61 245.31068420410156
62 192.69558715820312
63 226.02717081705728
64 250.7106730143229
65 262.89499491782857
66 214.59400177001953
67 249.5336481730143
68 203.70858001708984
69 259.62322998046875
70 214.73687744140625
71 213.73670705159506
73 253.18707275390625
74 220.8625233968099
75 215.1186091105143
76 224.66383616129556
77 195.33360036214194
78 204.622683207194
79 259.5546952228985
80 273.2751820882161
81 240.47213999430338
82 201.69551849365234
84 211.1112263997396
85 254.16991678873697
86 239.34244283040366
87 235.3227099545152
88 220.655881245931
89 211.1940892537435
90 240.49080403645834
91 217.463742574056
93 210.23889923095703
94 225.76164754231772
96 220.62367248535156
97 204.40792338053384
98 279.4567159016927
99 192.07231903076172
100 231.54005177815756
101 174.72135162353516
102 215.92435709635416
103 181.4032236735026
104 262.64815331699225
105 242.48699951171875
106 203.94898732503256
108 180.7341791788737
110 180.30133056640625
111 224.68077850341797
112 248.90917779605854
113 263.5325419518052
116 323.40089925130206
118 228.14679718017578
119 215.8536148071289
121 216.3068873087565
122 201.85528310139975
123 233.98217264811197
124 213.7257563273112
125 225.66158548990884
127 219.85517304359135
128 191.72791798909506
129 236.03506389645273
131 190.0418268839518
132 213.0791473388672
133 206.42235819498697
134 200.44759623209634
135 210.67182159423828
139 217.50061543782553
140 247.2838363647461
141 219.4134063720703
142 232.85397338867188
143 255.125
144 274.19068908691406
146 198.02144766425977
147 197.83428192138672
148 230.8450927734375
149 197.76239013671875
150 228.55927530924478
151 245.53654988606772
152 207.30123392740884
153 200.0609359741211
154 241.67790985107422
155 227.41816202799478
156 255.03353881835938
157 197.98248291015625
158 243.21009826660156
159 202.97227223714194
160 214.8988265991211
161 185.18975067138672
162 238.60201263427734
163 211.3769734700521
164 222.66723841622556
165 183.01316579182944
166 188.63556671142578
167 185.34991455078125
168 169.52476501464844
170 235.21497090657553
171 175.0559844970703
172 241.07320912679037
173 235.76525370279947
174 187.1478042602539
175 178.64989471435547
176 187.42945098876953
177 217.98225152683156
178 248.68821716308594
179 258.6454900105794
180 179.76522572835287
183 153.6679712931315
184 253.95004272460938
185 245.5311737060547
186 214.4791692097982
189 195.35302225748697
190 198.50230662027994
191 187.11873881022134
192 231.11965688069662
193 224.2077204386393
195 175.00630950927734
196 221.38959503173828
197 236.62354532877603
198 259.9434192048337
199 227.69652557373047
200 240.140012105306
201 185.12948862711588
202 193.41791280110678
203 224.61501820882162
204 230.72205352783203
205 242.65375518798828
206 197.42419942220053
207 216.75316365559897
208 182.45862325032553
209 233.67855072021484
210 255.87624689231998
211 152.66646830240884
212 167.10602315266928
213 248.7821248372396
214 243.9795659383138
215 211.59836069742838
216 218.163698832194
217 232.79792277018228
218 220.1084213256836
220 206.92534383138022
221 244.94994354248047
222 213.46624247233072
223 212.7137654622396
224 176.0080540974935
225 222.38610076904297
226 187.0655746459961
228 277.3164367675781
229 151.06764221191406
230 258.99710845947266
231 199.7949701944987
233 219.48927561442056
234 186.75098419189453
235 189.5592829386393
237 248.5637410481771
238 203.3494644165039
239 180.1962365460828
240 163.37452189127603
241 235.391476949056
243 235.86529795328775
244 174.5753173828125
245 211.6978759765625
246 207.09734598795572
247 236.6866683959961
248 236.12659454345703
249 217.5298307689183
250 204.0441640218099
251 194.7282231648763
252 213.20485178629556
253 208.7786610921224
254 181.53811899820963
255 213.4656499226888
256 197.17839558919272
258 230.3339640299479
259 234.5230255126953
260 277.69483439127606
261 192.28030649820963
263 216.99878692626953
264 236.32149379826487
265 235.58419799804688
266 232.76253255208334
267 184.51424662272134
268 218.6063435872396
269 230.2146759033203
270 201.61248016357422
271 245.56661987304688
272 185.81121826171875
273 227.39405822753906
274 218.458127339681
275 217.2622553507487
276 217.87578582763672
277 244.74622090657553
278 189.94825744628906
279 204.1796112060547
280 243.90706021313815
281 263.19056701660156
282 218.57646942138672
284 212.91486358642578
285 213.26373545328775
286 231.5542721263483
287 210.8150380452474
288 200.5942586263021
289 235.84261067708334
290 231.13824462890625
291 207.8242645263672
292 228.2267608642578
293 183.1688664754232
294 231.25888411386381
295 211.98238372802734
296 247.68964905250803
297 227.82846323649088
298 199.112912495931
299 217.75140635172525
300 273.2736053466797
302 189.04705556233725
303 208.4745305379232
304 202.64655049641928
305 247.16756947835287
306 201.7291573131824
307 254.35018666585287
308 212.38423919677734
310 247.82790101149394
311 222.3687489827474
312 228.37883758544922
313 245.55791774371502
314 255.975222269694
315 203.9472681681315
316 267.5019709269206
317 188.57806396484375
318 220.74888356526694
319 234.93197631835938
320 218.0849634806315
322 258.7717692057292
323 206.6054712931315
324 171.5396245320638
325 255.62834676106772
326 169.98508961995444
327 220.75756072998047
328 212.75847371419272
329 212.67139689127603
330 233.43359883626303
333 224.995361328125
334 211.827267964681
336 204.80139923095703
337 192.24391428629556
338 217.75433858235678
339 203.5154571533203
340 207.105588277181
341 238.45391845703125
342 220.32399241129556
343 217.24240366617838
344 199.43142954508463
345 199.58851623535156
346 245.46104939778647
347 216.07869720458984
348 210.43517049153647
350 228.02209981282553
351 177.0943857828776
352 251.75266774495444
353 175.3604303995768
354 212.46605428059897
355 175.3846689860026
356 197.04137166341147
357 269.90631103515625
358 239.8069076538086
359 192.38380686442056
360 204.01444244384766
361 197.59696197509766
362 217.5123291015625
363 181.3504892985026
364 180.03061167399088
365 226.23067474365234
366 188.60167694091797
367 239.66690826416016
368 245.24457550048828
369 197.98914845784506
370 185.1287638346354
371 224.47662099202475
372 229.0889434814453
373 186.93155161539713
374 213.37567392985025
375 238.4828313191732
376 210.79757181803384
378 240.84120432535806
379 238.84420267740884
380 207.56002553304037
381 201.03563690185547
382 198.65525817871094
383 230.56444295247397
384 189.07103729248047
385 278.2339223225911
386 202.115478515625
387 237.82580601046004
388 229.82108306884766
389 224.79646809895834
390 245.79051470878426
391 210.42205810546875
392 178.76060231526694
393 205.7482681274414
394 214.05748494466147
395 210.84952545166016
396 225.61541239420572
397 226.41235860188803
398 227.0520502726237
399 256.12977600097656
400 245.36469268798828
401 166.55157725016275
402 252.4243381962893
403 241.51880900065103
404 204.32337188720703
405 192.8879191080729
406 185.01920318603516
407 226.33878047607058
408 197.30812327067056
409 248.03380584716797
410 194.76964060465494
411 151.6037394205729
412 231.64715321858725
414 255.49903615315756
415 197.52509053548178
416 263.237798055013
417 185.26713053385416
419 246.93194580078125
420 213.96743774414062
421 188.71243540445963
422 181.4985376993815
423 234.99489084879556
424 216.3607635498047
425 177.75243377685547
426 209.8656489054362
427 245.8589121500651
428 185.14370981852213
429 243.27457682291666
430 211.6031723022461
431 228.41173044840494
432 252.75152587890625
433 205.6192143758138
436 205.3495127360026
437 212.2251434326172
438 258.63184356689453
439 236.6331343821605
440 242.64656575520834
441 258.4937108357747
442 203.21188608805338
443 205.96088155110678
444 187.75474548339844
446 183.6081517537435
447 188.0632553100586
448 218.79100290934244
449 206.54113006591797
450 208.5036849975586
451 235.21115112304688
452 181.0811513264974
453 233.43095152089748
454 280.2914888906724
455 178.89543660481772
457 236.5048828125
458 220.78571573893228
460 185.77427673339844
461 227.34265645345053
462 253.77383422851562
463 211.08268229166666
465 226.78027852376303
466 251.69561258951822
467 232.24972788492838
468 228.54021962483725
469 259.03092026733503
470 209.11440785725912
471 234.83427937825522
473 233.0198745727539
474 253.11568450927734
475 234.305051167806
476 208.74502817789713
477 210.04727172851562
478 249.98949178059897
480 188.76832326253256
481 191.26027170817056
482 233.44759325764895
483 233.7750498453776
484 225.15991719563803
485 174.32374572753906
486 247.70275115966797
487 221.4322713216146
488 181.91956583658853
489 179.17144521077475
490 225.84844207763672
491 201.15509541829428
493 173.05580393473306
494 210.77913665771484
495 256.6650383313898
496 248.835205078125
497 225.55393981933594
498 188.6440404256185
499 213.56994120279947
503 281.1377817789714
504 209.35549672444662
505 178.48807525634766
506 215.79834493001303
507 222.17759450276694
508 238.43537076016767
509 192.7322260538737
510 217.49253590901694
511 198.77804565429688
512 197.47411600748697
513 201.3351287841797
514 210.0957015752471
515 251.29532877604166
516 228.4898635564814
517 187.8084259033203
518 199.15035756429037
519 210.16042836507162
520 223.8756364004004
521 197.4567616780599
522 217.73607381184897
523 193.9548543294271
524 222.2485326131185
526 218.98174540201822
528 220.02277628580728
529 183.07469685872397
531 202.0722452799479
532 188.774050394694
533 177.08563232421875
534 244.2699228922526
535 176.01176178579576
536 164.6786117553711
537 214.25797271728516
538 185.35526021321616
539 252.3080062866211
540 260.59939829508465
541 234.42668660481772
542 213.39783732096353
544 220.10179138183594
545 193.7751948038737
546 216.66405232747397
547 230.46988169352213
548 243.74798075358072
549 238.0352579752604
550 228.65960439046225
551 210.12380981445312
552 209.97967020670572
553 209.6938247680664
555 191.59650675455728
556 194.55870564778647
557 265.5702366937954
558 212.09943389892578
559 235.05870478684992
561 249.62002309163412
562 224.61290740966797
563 219.2031453450521
564 206.09182484944662
565 190.57572428385416
566 217.2090810139974
567 239.55819193522134
568 254.26963551839194
569 194.7447967529297
570 218.84587860107422
571 224.6832021077474
572 194.9556096394857
573 167.3168182373047
574 208.23087996499757
575 168.48698933919272
576 232.54898325602213
577 247.5264129638672
579 201.51541392008463
580 211.3386662801107
581 206.02798281928264
582 227.0257136027018
583 236.59893544514975
584 228.3176752726237
585 196.9047063191732
586 189.8016357421875
587 214.11563618977866
588 237.5221813910864
589 226.17093149820963
590 232.7721964518229
591 206.579958597819
592 182.42642211914062
593 230.8032480875651
594 186.59210205078125
595 255.38641866048178
596 191.6159278945838
597 207.20130920410156
599 178.12596638997397
600 242.93433125813803
602 283.6590699100175
603 235.0918172200521
605 247.4110798679737
606 206.86156717936197
607 248.54598317689738
608 195.07513936360678
609 237.7142333984375
610 212.87723032633463
611 220.12742869059244
612 214.8180898030599
613 212.26769510904947
614 232.57700856526694
615 265.1323585118669
616 221.7163314819336
617 194.13795840652895
618 238.6230494181315
619 229.867431640625
620 236.7446263631185
621 190.5737762451172
622 224.980344136556
624 209.1754582722982
625 205.73289235432944
626 210.7729648769989
627 256.431269485682
629 236.68192036946616
630 235.57368977864584
631 181.57657368977866
632 200.95875549316406
633 244.6899897257487
634 175.02452596028647
635 217.96977996826172
637 242.5003407796224
638 215.71474965413412
639 246.22918446858725
640 202.64280446370444
641 257.00032806396484
642 239.48853810628256
643 223.60970306396484
644 188.7278569539388
645 172.29458618164062
646 190.43988291422525
647 240.0420939127604
648 271.9696502685547
649 237.7471186319987
652 198.17883169224822
653 203.65119811644354
655 198.28084564208984
656 217.38937123616537
657 247.7051798502604
658 225.2273203531901
659 251.28796895345053
660 205.7867202758789
661 212.05931599934897
662 209.27366638183594
663 267.8546854654948
664 209.428830464681
665 218.09761810302734
666 210.6438446044922
667 171.4899698893229
668 213.5995661417643
669 174.87645721435547
670 206.54940541585287
671 234.44901021321616
672 223.93162282307944
673 226.15340423583984
675 221.7362848917643
676 198.9697036743164
677 212.10728454589844
678 204.01966349283853
679 155.3215586344401
680 238.16791025797525
681 236.11080932617188
682 187.90702311197916
684 194.6744155883789
685 202.7577362060547
686 266.3849843343099
687 197.62176005045572
688 242.746218363444
689 223.6983159383138
690 186.1303965250651
691 242.1936518351237
692 256.07494099934894
694 178.8784917195638
695 261.338139851888
696 171.03173065185547
697 194.86956787109375
698 205.6426544189453
699 234.3713607788086
700 209.47181721822858
701 191.3143513997396
702 206.47047424316406
703 226.2737808227539
704 196.23206837972006
705 204.43245442708334
706 211.35519663492838
707 235.65135701497397
708 202.62806955973306
710 214.5793711344401
713 209.13460540771484
714 211.21587626139322
715 174.2862803141276
716 199.48966217041016
718 275.66554768880206
721 212.44954935709634
722 231.77666727701822
723 220.88583374023438
724 234.27617899576822
725 222.71896362304688
726 251.0234171549479
727 208.83568064371744
728 202.3960749308268
729 238.07544940894738
730 205.14722188313803
731 216.0605901082357
732 183.92041015625
733 220.30412801106772
734 208.52513395757344
735 198.9675267537435
736 199.87702178955078
737 287.92002868652344
739 195.2015380859375
740 182.044802347819
741 199.167605082194
742 179.85425313313803
743 211.85997443508072
744 237.0097710467181
745 224.46688588460287
746 229.9265925089518
747 184.99945831298828
748 251.80829285361563
749 226.58389027913412
750 179.34349568684897
751 228.20126597086588
752 260.60195513407473
755 218.28454347764423
756 189.1008555094401
757 188.27220916748047
758 199.90781911214194
763 281.54931640625
764 249.77041048488186
767 236.41146596272787
768 210.8577677408854
769 226.6800994873047
770 248.4966049194336
771 202.05781046549478
772 195.54170989990234
773 188.0351359049479
774 241.49855041503906
775 252.10575358072916
776 228.5224609375
777 174.117062886556
780 214.03004201253256
781 215.64796193440756
782 234.0690180460612
783 186.69917805989584
784 218.6953125
785 254.76275889078775
786 240.38134002685547
787 186.91534932454428
788 235.83954620361328
789 214.78868103027344
790 256.0330530802409
791 247.02541859944662
792 162.70675150553384
793 167.73497009277344
794 245.9740778605143
795 180.9548823038737
796 234.6828155517578
797 218.24144490559897
798 216.4502182006836
799 216.13697132539883
800 209.3397864016155
801 212.15536244710287
802 241.00584411621094
803 238.3184611002604
804 199.7228215535482
805 250.7445526123047
806 150.7840779622396
807 226.38046518961588
808 249.82723236083984
809 218.5313989347694
810 207.38220723470053
811 174.37586720784506
812 155.63446044921875
813 202.1753133138021
814 204.42119852701822
815 238.77786509195963
817 224.68728637695312
818 235.4802271525065
819 224.63264973958334
820 249.5808537801107
821 205.10980478922525
822 208.45498911539713
823 192.462282816569
824 185.12704213460287
825 243.22643025716147
826 262.741943359375
827 245.26355489095053
828 215.56640116373697
829 184.5586395263672
830 223.64196014404297
832 214.5227483113607
833 203.17092641194662
834 216.98550160725912
836 173.74883270263672
837 204.78590647379556
838 210.89066569010416
839 194.00321451822916
840 241.97932942708334
841 216.44320791685914
842 227.09442138671875
843 200.16601755453155
844 226.7344970703125
845 225.873415629069
846 192.7358194986979
847 221.95694986979166
848 237.3616511027018
849 212.3094914754232
850 153.36931864420572
851 180.81158955891928
852 223.85106913248697
853 200.87380030239206
854 265.10960896809894
855 191.8132069905599
856 212.55181630452475
858 191.42858123779297
859 189.5070317586263
860 186.02116613618918
862 270.6164855957031
863 252.341580382959
865 189.16343624815397
866 218.8222975446553
867 193.68878368426468
868 220.97493998209634
869 219.5630653378421
870 226.77633921305338
871 209.00033060709634
872 223.00433349609375
873 256.1361846923828
874 231.35296630859375
875 216.05425516764322
876 223.83663431803384
877 208.74158986409506
878 265.7206217447917
879 221.972098962603
880 236.4746068318685
881 269.5957946777344
883 205.12688700358072
884 233.04434967041016
885 225.8205312093099
886 224.26315935353705
887 208.96384938557944
888 220.13501993815103
890 185.1638412475586
892 220.14468129475912
893 232.82394663492838
894 212.48178496771052
896 234.4270273844401
897 266.88777410386757
899 237.49933115641275
900 250.74050649007162
901 225.27408663668146
902 264.1224009195964
903 246.25891621907553
904 203.31720479329428
905 173.50372823079428
906 228.27916208902994
907 213.7858657836914
910 240.83466084798178
911 221.82735697428384
912 206.74400329589844
913 204.056396484375
914 226.4202397664388
915 264.44786580403644
916 172.9621149698893
917 238.88233466096995
918 166.1670379638672
919 217.6606190999349
920 205.0642547607422
922 206.98321278889975
923 232.37967936197916
924 235.27677408854166
925 230.84844716389975
926 198.5234629313151
927 224.955446879069
928 181.58494567871094
930 192.5979995727539
931 219.17791239420572
932 199.95940907796225
933 220.2635243733724
934 234.577512105306
935 191.26655069986978
936 229.91960652669272
937 219.63697560628256
938 201.6734629496457
939 213.7861302693685
940 198.9945500691732
941 205.59562174479166
943 231.12989807128906
944 209.7663828531901
945 204.44631703694662
946 201.2259038289388
947 209.3780517578125
948 216.4444096883138
949 248.4879633585612
950 194.49343872070312
952 237.34349314371744
953 364.3360341389974
954 243.94752248128256
955 254.5353546142578
956 211.65875752766928
958 207.93298848470053
959 183.84950256347656
960 200.8470204671224
963 187.27489217122397
964 230.59111531575522
965 168.0895563761393
966 243.64635467529297
967 179.11417643229166
968 224.6508814493815
969 256.5143585205078
970 238.92393493652344
971 223.06781260172525
972 242.0804545116101
973 197.99182859573838
974 220.95379638671875
975 241.2134615520828
976 205.01061361897754
977 223.20831044514975
978 218.1934560139974
979 243.3251698811849
980 228.18370310465494
981 187.11125946044922
982 190.11355590820312
983 250.92046101888022
984 239.03763834635416
985 210.03269704182944
986 201.084348042806
987 215.7998301188151
988 249.23550669352213
989 229.2144978841146
991 239.37199774035363
995 197.14680989583334
996 249.96585823331122
997 191.71718088785806
998 213.09844207763672
999 232.58136494954428
1000 169.3669179280599
1001 212.14046223958334
1002 259.8946278889974
1003 222.12918734115968
1004 208.5330378214518
1005 197.50789388020834
1006 264.2000223795573
1007 187.99433135986328
1008 215.58755596052427
1009 174.74900817871094
1010 181.01181284586588
1011 238.38165791829428
1012 236.23553721110025
1013 242.87240346272787
1014 161.19568888346353
1015 239.8191375732422
1016 210.09131945466788
1017 210.79466247558594
1018 166.51455942789713
1019 203.25015513102213
1020 202.91897583007812
1021 203.4106216430664
1022 218.9823964436849
1023 222.93058268229166
1024 166.3182856241862
1025 221.3432413736979
1026 188.44352213541666
1027 239.50875091552734
1028 225.57627614339194
1029 200.78521728515625
1030 245.57185872395834
1031 199.81978861490884
1032 217.53877769127328
1033 195.57907358805338
1034 193.20789845784506
1035 208.99516805013022
1036 193.47650655110678
1037 248.40293884277344
1038 237.4833196004232
1039 202.21317036946616
1041 217.77208201090494
1042 223.05135345458984
1043 217.84424016383
1044 215.51065572102866
1046 228.20786794026694
1047 196.96097819010416
1048 238.44444274902344
1049 199.7716827392578
1051 204.1695556640625
1052 270.0575002034505
1053 188.71083068847656
1054 157.76636505126953
1055 235.86827341715494
1056 211.1269039740824
1058 202.69278208414713
1059 212.64392598470053
1060 221.25397491455078
1061 201.67621103922525
1062 233.01633961995444
1063 284.95668029785156
1064 212.07829793294272
1066 197.6079839070638
1067 251.21288045247397
1068 286.1906022735043
1069 250.94855753580728
1070 249.94850257677618
1071 190.11566162109375
1072 176.07577006022134
1073 191.45160675048828
1074 238.43731180826822
1075 253.62421417236328
1076 219.56487528483072
1077 181.5478057861328
1078 205.97445424397787
1080 208.82975006103516
1081 219.25252532958984
1082 208.29497273763022
1083 249.08154620226287
1085 276.81507364908856
1086 174.6940714518229
1087 225.6600138346354
1088 232.767697652181
1090 237.08528900146484
1091 267.28948465983075
1092 239.07880655924478
1093 198.44909884652677
1094 195.0157699584961
1096 210.76239776611328
1097 231.8476130167643
1098 183.08139038085938
1099 177.7403996785482
1100 251.27727254231772
1101 258.9058583577474
1102 243.3105239868164
1103 208.46221923828125
1104 234.77764383951822
1105 222.7149454752604
1106 213.77352967193323
1107 178.9767862955729
1108 248.2262395222982
1109 200.3938725789388
1110 242.3402004065014
1111 271.9765167236328
1112 233.83923848470053
1113 222.4105656941732
1114 216.5334726969401
1116 219.64461263020834
1117 237.9863255818685
1118 217.90644647414547
1119 249.21870930989584
1120 220.4655536217982
1121 226.75905189671946
1122 248.4720458984375
1123 214.1961212158203
1124 223.56417846679688
1125 235.72354380289713
1126 173.71980794270834
1127 207.35647837320963
1128 267.08630594143125
1129 202.33339182535806
1130 227.35516611735025
1131 190.25395965576172
1133 178.25094350179037
1134 223.54260675115992
1135 223.43968963623047
1136 210.0093536376953
1137 209.82531161347606
1138 224.9980239868164
1140 246.32793426513672
1141 260.80276743570965
1142 257.11765543619794
1143 186.09146881103516
1144 194.1009038289388
1145 231.62481943766275
1146 202.58067576090494
1147 226.33738962809244
1149 210.55695597330728
1150 215.89810434977213
1151 191.57378133138022
1152 248.27989959716797
1153 239.23630015055338
1154 189.0634562174479
1155 179.34274291992188
1156 185.3749745686849
1157 193.1461410522461
1158 216.42164357503256
1159 189.2554499308268
1160 188.05752309163412
1161 244.1768595377604
1162 214.69450887044272
1163 232.2257512410482
1164 194.41087341308594
1166 231.1398493448893
1167 176.30285135904947
1168 205.9423090616862
1169 242.44437154134116
1170 234.3487345377604
1172 213.84668731689453
1173 270.0892588297526
1174 197.81330108642578
1175 209.609982808431
1176 255.5079430364898
1177 216.7517318725586
1178 242.8043975830078
1179 204.28795115152994
1180 172.598513285319
1181 295.107172648112
1182 264.1896057128906
1183 193.50514475504556
1184 200.06795501708984
1185 243.79889743158273
1186 209.90932973225912
1187 164.80010223388672
1188 245.6635767618815
1189 230.27783849638604
1190 212.26329549153647
1191 238.5529988606771
1192 267.94244893391925
1193 213.5045623779297
1194 187.11526743570963
1195 182.4850845336914
1198 205.51251475016275
1199 225.26805877685547
1201 233.61454403812635
1202 193.45950317382812
1203 183.44952901204428
1204 236.6185329303231
1205 196.8300552368164
1206 201.09144592285156
1207 207.5876032511393
1208 212.17386627197266
1209 203.8391850789388
1210 195.33209228515625
1211 194.96082560221353
1212 236.50385284423828
1213 234.1549301147461
1215 189.6641362508138
1216 224.28693389892578
1217 196.50767771402994
1218 259.53621164957684
1219 223.98160298665366
1220 191.25438944498697
1221 233.89778900146484
1222 218.89060719807944
1223 215.0942586263021
1225 204.08327992757162
1226 265.26480865478516
1227 270.13926696777344
1228 227.70777638753256
1229 205.60123441623463
1231 254.14545440673828
1233 237.27041616947278
1234 272.33433024088544
1235 207.22704569498697
1236 206.9333267211914
1237 237.88095347086588
1238 206.11572265625
1241 223.74648548109246
1242 182.017214457194
1243 242.37655639648438
1244 192.95389302571616
1245 184.73169453938803
1246 199.0174357096354
1247 227.17432912190756
1248 191.26730600992838
1249 223.8590545654297
1250 242.59716288248697
1251 220.1717961629232
1252 196.06735483805338
1253 226.28942362467447
1254 200.70879872639975
1255 192.3885895701669
1256 187.70624796549478
1257 247.64205169677734
1258 231.4265925089518
1259 243.12134297688803
1260 262.3084971110026
1261 189.13457743326822
1262 222.31466690458055
1264 239.26051330566406
1265 219.07756551106772
1266 186.3466339111328
1267 198.38599141438803
1268 199.75747934977213
1270 274.18504842122394
1271 174.45404815673828
1273 188.53477732340494
1274 237.44135030110678
1275 235.84771474202475
1277 208.11985524495444
1278 178.1700922648112
1279 229.52710723876953
1280 183.9819310506185
1281 259.5383936564128
1282 234.00376637776694
1283 210.34349568684897
1285 176.39866383870444
1286 234.52618408203125
1287 225.78889973958334
1289 197.54000345865884
1290 239.48285420735678
1291 211.2207005818685
1292 237.4554672241211
1293 239.03838205174756
1294 231.97125244140625
1295 191.07973988850912
1296 258.0467987060547
1297 186.55520375569662
1298 206.25154622395834
1299 241.03167215983072
1301 251.35066986083984
1302 211.63013966878256
1303 212.13773140456
1304 227.75448099772134
1305 203.00417836507162
1307 226.40725991744685
1308 261.8334452311198
1309 264.9743159035102
1310 192.6219050089518
1311 184.6096649169922
1312 207.30948384602866
1313 188.64483642578125
1314 239.21277364095053
1315 253.97683923695683
1316 224.61778513590494
1319 208.08163706461588
1320 193.46163686116537
1321 197.6165313720703
1322 251.77537282307944
1323 222.74267578125
1324 214.85897572835287
1325 245.8482920328776
1326 199.29767862955728
1328 207.24309285481772
1329 204.44159189860025
1331 207.67565409342447
1332 196.87110137939453
1333 264.37787373860675
1334 239.07286326090494
1335 254.19168853759766
1336 194.82051849365234
1337 288.2466278076172
1339 185.23617299397787
1340 196.27084096272787
1341 196.15688832600912
1342 228.09713999430338
1343 229.96625587404742
1345 208.15911610921225
1346 200.82742818196616
1347 226.74686686197916
1348 227.4391067994392
1349 223.70260111490884
1350 190.4422378540039
1351 185.55682118733725
1352 208.60711415608725
1353 250.6021728515625
1354 211.4224395751953
1355 247.37857055664062
1356 218.34452311197916
1357 198.01864624023438
1358 218.12832641601562
1359 242.9647420247396
1360 253.57330322265625
1362 245.16482543945312
1363 251.27558390299478
1364 229.4428939819336
1365 253.18524678548178
1366 262.76649475097656
1367 226.4126230875651
1368 207.61988321940103
1369 209.1389923095703
1370 205.58807118733725
1371 249.39093526204428
1372 209.20994567871094
1374 241.92416127522787
1376 206.76360575358072
1377 199.62702178955078
1378 217.83034006754556
1379 249.12027740478516
1380 238.65111796061197
1381 224.32370249430338
1382 220.01750691731772
1383 226.8471247355143
1384 254.64396158854166
1385 199.7300033569336
1386 208.07926177978516
1387 189.81918513638152
1389 224.65529123942056
1390 268.4850667317708
1391 284.74416097005206
1392 177.08358001708984
1393 209.80520710495895
1394 226.8336944580078
1395 214.7324701944987
1396 180.3659871419271
1397 209.6190414428711
1398 198.22281901041666
1399 224.78906243135881
1400 202.68751271565756
1401 203.81838001470183
1404 231.81409708658853
1405 203.86413065592447
1406 222.32916112804602
1407 235.00411224365234
1408 186.13312530517578
1409 194.98634592692056
1411 274.77757573808407
1412 252.328982035319
1413 190.0129191080729
1414 195.3740463256836
1415 236.47208658854166
1416 186.48357391357422
1417 235.81104787190756
1418 218.3331756591797
1419 178.67310333251953
1420 240.97072092692056
1421 198.89943186442056
1422 227.4870808919271
1423 218.2256647745768
1424 188.11492156982422
1425 240.43444315592447
1426 222.31145985921225
1427 263.602783203125
1428 224.0402374267578
1429 212.6398671468099
1430 212.6037851969401
1431 188.0295613606771
1432 223.0067901611328
1433 233.10667673746744
1434 264.471923828125
1435 240.46538798014322
1437 229.1987762451172
1438 219.28876749674478
1439 205.7137934366862
1440 231.21615638682587
1441 195.03527323404947
1442 183.1541519165039
1443 205.7484614054362
1444 198.37532552083334
1447 209.15845998128256
1448 207.38750203450522
1449 206.6595458984375
1450 222.99433135986328
1451 211.38329569498697
1452 227.74521128336588
1453 233.377560933431
1454 184.84950510660806
1456 209.84959157307944
1458 217.88037872314453
1459 198.11991119384766
1460 242.24913024902344
1461 191.51287078857422
1462 196.79749043782553
1463 212.87792205810547
1464 208.83563232421875
1465 188.17014541198515
1466 245.0723393758138
1467 203.26632436116537
1470 191.53424072265625
1471 226.1591381378552
1472 217.1030044555664
1473 252.22064650721987
1474 246.1020253499349
1475 247.9131113688151
1476 220.38148498535156
1477 260.9687728088945
1478 192.3792266845703
1479 226.8684565226237
1480 224.93547566731772
1481 245.85281117757162
1482 204.10196940104166
1483 226.85578409830728
1484 192.18069458007812
1485 244.7496083577474
1486 216.65070088704428
1487 195.7764663696289
1488 223.34207709192114
1489 218.702028910319
1490 182.67137654622397
1491 207.0886662801107
1492 211.79129791259766
1493 190.31371053059897
1494 199.27948760986328
1495 213.1548589070638
1496 193.3457234700521
1497 201.4969253540039
1498 223.76140594482422
1499 182.22410329182944
1500 193.28692881266275
1501 169.5753173828125
1502 152.94984436035156
1504 241.6397933959961
1506 251.71414693196616
1508 191.4014552579134
1509 224.2557118733724
1510 230.58285776774088
1511 228.84854634602866
1512 224.27578989664713
1513 229.1957041422526
1514 191.9883804321289
1515 237.4317372639974
1516 171.3969955444336
1517 226.1386260986328
1518 192.93563529169992
1519 185.87545165510429
1520 230.2146759033203
1521 240.03734079996744
1522 196.4550223432428
1523 205.3168512980143
1524 242.62983194986978
1525 210.47549947102866
1526 240.2948201497396
1527 202.91645304361978
1528 240.49358113606772
1529 252.92112986246744
1530 177.0509999593099
1531 225.27564010519032
1532 226.3466059366862
1533 222.9891103108724
1534 188.76308949788412
1535 204.9853083292643
1537 174.64197540283203
1538 229.7927017211914
1539 542.0901285807291
1540 238.56424458821616
1541 193.70340983072916
1542 198.9947967529297
1543 195.3502426147461
1544 223.68577829996744
1545 233.41886138916016
1546 233.89990234375
1547 252.82986450195312
1548 214.17096201578775
1549 249.82302602132162
1550 227.3531494140625
1551 224.58060709635416
1553 189.4191411336263
1555 176.99923451741537
1556 207.1317876180013
1557 226.18575541178384
1558 219.93887074788412
1559 235.40711212158203
1560 186.2162068684896
1563 175.8828328450521
1564 259.0752919514974
1565 216.64833323160806
1566 222.91170756022134
1567 217.9484405517578
1569 194.5360336303711
1570 242.10145823160806
1571 253.85962677001953
1572 226.47601949667202
1573 223.6624298095703
1574 236.712038675944
1575 222.14710911818975
1576 257.9415918986003
1577 232.5292714436849
1578 217.25911458333334
1579 198.2072016398112
1582 233.960812886556
1583 185.5693842569987
1584 248.9914779663086
1585 222.75896962483725
1586 188.4644037882487
1587 202.70133463541666
1588 172.7886734008789
1589 217.1901423136393
1590 195.84914495218388
1591 219.2624257405599
1592 233.01300557454428
1593 185.18295542399088
1594 225.01724243164062
1595 173.98065948486328
1596 205.83528645833334
1597 223.7494150797526
1598 232.8478240966797
1599 267.6972249348958
1600 209.8617731730143
1601 246.41937764485678
1602 212.61074574788412
1603 182.0264663696289
1604 259.98126729329425
1605 282.5521647135417
1606 226.93326822916666
1607 208.05695497777174
1608 229.5381851196289
1609 235.0075251261393
1610 189.792724609375
1611 208.5185114542643
1612 206.44208526611328
1613 170.2903035481771
1614 203.07852681477866
1615 274.07898203531903
1616 239.09998575846353
1617 194.45208994547525
1618 193.25196329752603
1620 234.01604970296225
1621 214.28743489583334
1622 226.55354817708334
1623 198.84207916259766
1624 180.39014943440756
1626 215.96176401774088
1627 213.64370981852213
1628 244.49020640055338
1630 225.12776947021484
1631 206.10913594563803
1632 170.68862660725912
1633 186.50147755940756
1634 256.9017791748047
1635 197.63071950276694
1636 208.887082417806
1637 220.14940897623697
1638 229.8332544962565
1639 175.63305155436197
1640 247.79942830403647
1641 228.1606903076172
1642 236.60562459945126
1643 179.29403686523438
1644 228.5290552775065
1645 217.61458587646484
1646 218.15880330403647
1647 202.4411137898763
1648 215.12581634521484
1649 235.422487894694
1650 173.7314682006836
1652 241.0735829671224
1653 204.47370147705078
1654 217.99627685546875
1655 215.41155242919922
1656 185.7935002644857
1657 228.1054484049479
1659 224.4897893269857
1660 201.4846674601237
1661 218.54551696777344
1662 243.19286580151052
1664 197.7795664469401
1666 238.72327168782553
1667 245.7845687866211
1668 189.9647933993381
1669 227.5255584716797
1670 226.8582331339518
1671 251.82801564534506
1672 164.88792928059897
1673 201.9169464111328
1674 185.37684631347656
1675 200.69765981038412
1676 233.59776363496778
1677 248.56024932861328
1678 188.91199493408203
1679 221.8511317592729
1680 222.25105067223035
1681 201.34354400634766
1682 182.90735880533853
1683 208.03040059407553
1684 172.71543884277344
1685 214.19935677013004
1686 226.12366994222006
1687 210.06097412109375
1688 206.28782653808594
1689 180.52300467806364
1690 213.21156565348306
1691 201.93257649739584
1693 327.0714975992839
1694 215.2321039835612
1695 254.86103312174478
1696 237.83586883544922
1697 191.5564727783203
1698 214.34815216064453
1699 180.3836441040039
1701 189.22244771321616
1702 210.51042683919272
1703 191.70089975992838
1704 223.64187367757162
1705 207.28311411539713
1706 182.64133961995444
1707 217.7818603515625
1708 213.5801544189453
1709 241.57843243721757
1710 208.33092244466147
1712 243.84814619488725
1713 200.49944051106772
1714 243.26555633544922
1715 187.77147674560547
1716 255.48961639404297
1717 196.19090016682944
1718 272.83090191939596
1719 247.47577158610025
1720 259.2272313435872
1721 253.52620951334634
1722 216.93621063232422
1723 180.2662353515625
1724 233.6540552775065
1725 225.4264315382956
1727 202.45580291748047
1728 205.51992797851562
1730 227.13360087076822
1731 183.97928110758463
1733 210.56366729736328
1734 222.331152743044
1735 230.09017435709634
1736 238.95215352376303
1737 188.01506551106772
1738 189.0656255086263
1739 220.11100260416666
1740 200.2935536702474
1741 204.6385726928711
1742 247.11282126833888
1743 222.01384735107422
1744 254.7526067097982
1745 189.6933135986328
1748 191.57278951009116
1749 202.9463882446289
1750 173.68088022867838
1751 264.5422871907552
1752 232.26996358235678
1753 217.37590535481772
1754 210.8731231689453
1755 225.7839813232422
1756 223.47361501057944
1757 225.7884521484375
1758 229.08783467610678
1759 183.88086954752603
1760 224.00472768147787
1761 228.9379628499349
1762 224.38338724772134
1763 193.51238505045572
1764 186.91133880615234
1765 206.71249135335287
1766 248.54381306966147
1767 196.6457316080729
1768 204.4473673502604
1769 232.81451161702475
1770 235.48971848788844
1771 243.26372528076172
1772 240.6255315144857
1773 251.74281040313244
1774 223.2523447672526
1775 261.2716293334961
1776 192.3407948811849
1777 246.00711822509766
1778 217.41036987304688
1779 192.67045084635416
1780 215.04273057640793
1781 260.1060434977214
1783 217.63059997558594
1784 215.78516387939453
1785 265.488525390625
1786 199.27691396077475
1787 184.51402791341147
1788 226.1557546199297
1789 186.08713967664798
1790 196.4219487508138
1791 200.07179260253906
1792 213.59440104166666
1794 174.15623474121094
1795 217.1819449582455
1796 208.2517344156901
1797 252.1946563720703
1798 217.82865397135416
1799 229.50435892740884
1800 196.96505358928138
1801 232.76342010498047
1802 211.33160400390625
1803 228.202273050944
1804 247.33306376139322
1805 184.37062327067056
1807 205.18006134033203
1808 211.88997395833334
1810 209.48895009358725
1811 203.04591115315756
1812 250.62124480393436
1813 186.65082550048828
1814 271.29282633463544
1815 191.213254292806
1816 193.9319585164388
1817 212.12235005696616
1818 231.44631958007812
1820 277.31028747558594
1821 177.12452189127603
1822 232.5192133585612
1823 234.06785583496094
1824 208.5534210205078
1825 284.3805745442708
1826 200.02804565429688
1827 180.560915629069
1828 217.6576894124349
1830 189.98143005371094
1831 217.44352213541666
1832 231.7857462565104
1833 190.4589869181315
1834 165.65143585205078
1836 246.7034912109375
1840 211.07349141438803
1841 222.80868784586588
1842 261.4277699788411
1843 189.0186125367794
1844 210.06812795003256
1845 252.44273249308753
1846 185.98704528808594
1847 214.17347971598306
1848 218.95770009358725
1849 211.4662322998047
1850 194.68340810139975
1851 203.43465931334524
1852 212.6418228149414
1854 221.05838012695312
1855 204.96099853515625
1856 210.38109588623047
1857 217.1155548095703
1859 196.43909962972006
1861 203.8487065633138
1862 265.9930114746094
1863 174.93470764160156
1864 188.9933344523112
1865 201.25633494059244
1867 206.62655639648438
1868 234.94099934895834
1869 195.6636597367016
1870 185.43000030517578
1871 248.22046915690103
1872 196.12359873453775
1873 193.2733408610026
1874 267.17906697591144
1875 221.55740102132162
1876 196.1389718041478
1877 229.20953369140625
1878 240.80221811930338
1879 187.12021128336588
1880 226.4391326904297
1881 197.59258270263672
1882 186.56178538004556
1884 227.9906743367513
1886 266.187016805013
1887 198.35730375588363
1888 196.18701934814453
1889 202.34727223714194
