1 199.19872909920758
2 200.30186767578124
4 225.10583612627707
5 180.8220657348633
6 205.3516098022461
7 208.32891968467885
8 189.52528228759766
9 288.9582153320313
10 244.3964569836806
11 203.54853515625
12 222.04514923095704
13 216.83273162841797
14 194.32359008789064
15 207.66057891845702
16 265.08600434663595
17 240.35062073125806
18 212.77162322998046
19 254.42535400390625
20 284.00461417729383
21 222.30428314208984
22 224.21702423095704
23 223.72887573242187
24 216.01516723632812
25 247.80247802734374
26 200.44505157470704
27 255.88624267578126
28 217.16712951660156
29 207.22295684814452
30 207.67591094970703
31 259.13019262202033
32 276.47345581054685
33 203.48444061279298
34 256.4688906719408
35 226.02446746826172
36 214.07648162841798
37 219.75163817907847
38 213.2634719848633
39 228.6352981567383
40 223.38768005371094
41 194.99894104003906
42 236.37123413085936
43 219.18881072998047
44 267.81029091597657
45 244.411474609375
46 209.3307898650674
47 182.73639068603515
48 225.81515350341797
49 269.39611076699407
50 326.03993225097656
51 231.39017181396486
52 219.25193282270135
53 205.0891082763672
54 236.3518310546875
55 217.47933502197264
56 230.12929338720613
57 222.65361591111576
58 216.2148010253906
59 209.50481567382812
60 207.63789130031438
61 215.83360290527344
62 249.44219818115235
63 223.5984649658203
64 237.70719817879444
65 260.3468414306641
66 203.70256652832032
67 234.1376983642578
68 199.9439314790818
69 232.0616943359375
70 248.33245086669922
71 232.56817626953125
72 204.40651092529296
73 247.18490753173828
74 205.45191497802733
75 217.4915344238281
76 215.92396240234376
77 185.23280639648436
78 190.2404800415039
79 186.70779876708986
80 237.81295013427734
81 243.12935638427734
82 189.445458984375
83 180.7614517211914
84 220.6375152837747
85 255.92463073730468
86 248.6435181824043
87 219.28831787109374
88 197.5739288330078
89 189.85526428222656
90 234.17173767089844
91 238.4759785290991
92 240.12561390972172
93 245.53790740966798
94 197.4012466430664
95 229.81305999755858
96 234.47826538085937
97 244.8326446533203
98 202.5545181274414
99 236.92576446533204
100 246.7557144165039
101 163.8103286743164
102 251.92274594610495
103 219.25979309082032
104 221.5632797241211
105 224.72357025146485
106 247.3976806640625
107 216.54775390625
108 153.5378387451172
109 202.9022705078125
110 226.57471466064453
111 250.92369384765624
112 215.4582977294922
113 211.8036394198014
114 240.67022094726562
115 222.633457848558
116 208.3269790649414
117 218.24510040283204
118 183.93099212646484
119 236.01742553710938
120 282.3093017578125
121 237.97600860595702
122 237.73118591308594
123 193.23144989013673
124 225.0288513183594
125 231.93052944159672
126 208.04720458984374
127 247.6633599682149
128 222.5678237915039
129 215.44357147216797
130 234.01495158147304
131 216.73402709960936
132 203.01417388916016
133 237.80794982910157
134 183.92647399902344
135 213.74871673583985
136 229.84380035400392
137 204.76491090502586
138 275.67652587890626
139 190.4187774658203
140 206.99044647216797
141 208.5695103791204
142 216.32625732421874
143 225.44572906494142
144 249.2465166984751
145 209.38021697998047
146 272.33845977783204
147 189.7079345703125
148 223.32343444824218
149 243.14271961483638
150 221.35987701416016
151 262.38306884765626
152 209.33194427490236
153 262.6421161631098
154 173.2111801147461
155 239.5957473754883
156 228.656982421875
157 206.25277404785157
158 206.3130844116211
159 210.12024383544923
160 244.68585815429688
161 225.29900885467842
162 220.91181335449218
163 204.39842681884767
164 218.6086697374579
165 212.28028106689453
166 273.67767028808595
167 244.53317565917968
168 194.4019760131836
169 204.9084930419922
170 202.8092529296875
171 184.4671875
172 229.51219482421874
173 201.52141571044922
175 237.02805786132814
176 196.14173431396483
177 219.0840866088867
178 239.9263702392578
179 215.45606689453126
180 244.00690460205078
181 242.1631820678711
182 232.7135437011719
183 204.46476135253906
184 241.251816003737
185 249.86275792195025
186 213.82801055908203
187 215.13585968017577
188 228.4391616821289
189 229.08082122802733
190 230.73939208984376
191 259.5911407470703
192 186.59652252197264
193 230.4421720942361
194 252.80926361083985
195 197.78766326904298
196 236.19539947509764
197 262.3519882202148
198 203.00138092041016
199 187.0430114746094
200 217.27411499023438
201 238.33130950927733
202 182.87154541015624
203 188.37946472167968
204 247.5969985961914
205 215.34544525146484
206 233.03614501953126
207 255.45928271331314
208 207.92499954568183
209 215.2809265136719
210 261.04918060302737
211 247.9964157104492
212 260.7176742553711
213 190.18311309814453
214 190.4221160888672
215 224.6445114135742
216 284.9453645258097
217 187.99023642720644
218 232.18347713999816
219 231.15764465332032
220 255.2431884765625
221 237.69579620361327
222 230.95980682373047
223 239.37798461914062
224 239.4082046508789
225 258.5138900756836
226 236.0004898071289
227 209.68157501220702
228 252.01502990722656
229 192.81136474609374
230 228.84131927490233
232 227.4047088623047
233 204.77510681152344
234 253.48589477539062
236 190.3481185913086
237 219.7508987426758
238 283.2582672119141
239 186.47520141601564
240 223.36453704833986
241 202.47101135253905
242 212.01066496370294
243 232.92917814365447
244 192.6073440551758
245 216.2432434082031
246 228.34866675234963
247 195.99346008300782
248 191.68615264892577
249 178.73324890136718
250 250.972705078125
251 178.67882983759074
252 175.1786117553711
253 187.54928894042968
254 265.30992279052737
255 222.41014404296874
256 223.3147766113281
257 198.09447021484374
258 220.80611114501954
259 233.88282012939453
260 230.63999938964844
261 213.52850494384765
262 269.14444678901265
263 237.99254617138445
264 221.4271728515625
265 210.03298645019532
266 193.65357360839843
267 220.47439698503112
268 198.8063186645508
269 210.97320205126417
270 235.6586883544922
271 249.9068176269531
272 214.7893798828125
273 208.49908998377978
274 233.4876708984375
275 239.9395263671875
276 235.75528106689453
277 198.46291961669922
278 191.9579284667969
279 219.22996978759767
280 239.76660168133154
281 230.5178482055664
282 234.94766082763672
283 184.524560546875
284 233.36759033203126
285 188.69766235351562
286 258.7154571533203
287 195.3603831527659
288 180.565380859375
289 246.72278289794923
290 286.93047612569796
291 239.8453582763672
293 197.72408447265624
294 241.33987274169922
295 215.8270523071289
296 218.4722640991211
297 214.3240539550781
298 268.2775631200409
299 226.7584014892578
300 199.48173744626112
301 240.96623992919922
302 243.46997985839843
303 193.34190979003907
304 215.09239807128907
305 208.36563110351562
306 213.06047539836732
307 258.08989877637015
308 236.41169228539533
309 244.47162170410155
310 183.37870330810546
311 247.49966125488282
312 206.6918731689453
313 259.9393020629883
314 174.5503707885742
315 192.91749267578126
316 245.29920196533203
317 273.8556823730469
318 200.74472045898438
320 251.20823364257814
321 228.11283264160156
322 256.91803283691405
323 207.7756607055664
324 213.098876953125
325 270.0302001953125
326 214.16011810302734
327 177.7128112792969
328 238.1496139526367
329 230.31231079101562
330 207.59783715932318
331 240.7011978149414
332 268.9297790527344
333 198.7018783569336
334 245.80418548583984
335 188.20419921875
336 248.3506851196289
337 259.71782958889236
338 267.5213226318359
339 197.2131790161133
340 212.503584410527
341 193.64551391601563
342 212.28160552978517
343 228.46651458740234
344 205.9883285522461
345 213.56610260009765
346 238.16513366699218
347 238.77312927246095
348 224.86224060058595
349 254.90961089450735
350 211.8909942626953
351 206.99227600097657
352 243.23060137144267
353 202.45158843994142
354 205.19459381103516
355 291.7212158203125
356 199.3520065307617
357 216.33191025919297
358 240.7788698301793
359 234.4139862060547
360 186.87437744140624
361 253.62917584644674
362 229.39273613969036
363 229.5293441772461
364 220.08255927750452
365 190.55038452148438
366 201.20152740478517
367 285.4560577392578
368 239.57649993896484
369 214.71168060302733
370 255.01307220458983
371 199.35713958740234
372 244.8996661418107
373 256.70860900878904
374 230.3132125854492
375 219.60762634277344
376 235.98563290137503
377 188.48226318359374
378 258.44715728759763
379 193.55382385253907
380 238.2543197631836
381 219.71492919921874
382 258.9237533569336
383 174.40845947265626
384 172.48257598876953
385 249.13948822021484
386 220.78427429199218
387 213.1004019923365
388 214.9105717688276
389 245.44158630371095
390 240.38225860595702
391 253.82066955566407
392 252.24981536865235
393 220.80047540822494
394 205.96497955322266
395 242.18363715264522
396 225.9228515625
397 238.88055419921875
398 233.1264846801758
399 253.9880244075383
400 212.58858642578124
401 216.31829986572265
402 187.7028350830078
403 265.5670104980469
404 221.87555999755858
405 186.33935036461565
406 218.67052154541017
407 224.27616271972656
408 176.2428405761719
409 219.95206270568752
410 246.3276596069336
411 203.94316979785566
412 225.95253295898436
413 228.00258026123046
414 268.12469482421875
415 195.33791961669922
416 274.06276245117186
417 256.24523143290037
418 222.46813705426774
419 228.57443389892578
420 212.3167297363281
421 228.46027526855468
422 262.16367492675784
423 211.95748901367188
424 267.1360137939453
425 225.42567318479064
426 272.15684509277344
427 237.25539855957032
428 226.23185038507145
429 214.64050750732423
430 229.28050231933594
431 225.13649139404296
432 235.69771575927734
433 215.08731774576304
434 239.72950439453126
435 229.29478035114954
436 266.56159633893805
437 206.89429626464843
438 177.88660583496093
439 216.21004638671874
440 251.5913916154271
441 225.05308227539064
442 229.15244033616608
443 268.5157775878906
444 244.20153824775383
445 168.42301177978516
446 208.34789123535157
447 216.02716369628905
448 235.8509521484375
449 201.78380889892577
450 231.58161315917968
451 184.88564910888672
452 195.8956558227539
453 203.99240112304688
454 226.92865753173828
455 233.37543792724608
456 208.70756898072494
457 208.59663091497504
458 237.02790069580078
459 217.3699920654297
461 196.4887222290039
462 368.1887359059885
463 253.1956207154598
464 257.8561248779297
465 215.6933310971386
466 211.86405334472656
467 185.44151153564454
468 192.99937286376954
469 172.2897506713867
470 247.93375549316406
471 259.77589416503906
472 248.43197860361298
473 211.39590674560526
474 249.6146667480469
475 189.59705657958983
476 192.33867492675782
477 241.97635955810546
478 207.69033813476562
479 232.2602966308594
480 219.0029525756836
481 235.04154353885866
482 172.07347259521484
483 263.1016357421875
484 211.59399871826173
485 200.2502212524414
486 267.5100616455078
487 189.6061233520508
488 246.96421661376954
489 215.97359161376954
490 224.30158386230468
491 227.31287994384766
492 190.93900604248046
493 228.12942810058593
494 254.9368667602539
495 222.607348646014
496 241.76695545354352
497 206.44012298583985
498 222.3505443424386
499 230.3144271850586
500 206.63103485107422
501 192.03628997802736
502 239.85011291503906
503 205.50073852539063
504 236.7840103149414
505 289.49939880371096
506 217.02689056396486
507 200.84027404785155
508 254.31509399414062
509 289.82133768246194
510 252.28416807438603
511 196.10674133300782
512 242.4464111328125
513 255.82599029541015
514 184.24185791015626
515 208.1806198120117
516 219.7127655029297
517 223.61888122558594
518 211.8714385986328
519 281.26304626464844
520 179.2886001586914
521 237.54805603027344
522 240.58206939697266
523 277.2055558006536
524 241.80159606933594
525 200.76455208135354
526 197.25586547851563
527 254.5892578125
528 261.1385040283203
529 215.05663452148437
530 244.67801818847656
531 226.12302856445314
532 217.19703253704665
533 253.72928314208986
534 245.47638281714302
535 275.8722381591797
536 226.5207321166992
537 219.5120880126953
538 223.37090454101562
539 221.17236214718258
540 253.13196540493112
541 229.94453788851996
542 241.835986328125
543 177.93087158203124
544 209.9557662963867
545 269.02947216349156
546 206.39506988525392
547 193.5540786743164
548 179.46222467030185
549 224.84398751261
550 233.57177423749053
551 213.82874298095703
552 229.66704406738282
553 259.2530181884766
554 189.0791213989258
555 222.15101013183593
556 196.55179748535156
557 197.32942810058594
558 188.2637924194336
559 193.37714233398438
560 198.34225311279297
561 232.63422393798828
562 208.39831085205077
563 238.39474182128907
564 219.32888641357422
565 201.63520038148255
566 258.82124836583915
567 218.2911575317383
568 246.59834747314454
569 175.1507095336914
570 266.0574890136719
571 194.53497686124766
572 251.35283089059027
573 240.29987640380858
574 269.63734436035156
575 215.0071228027344
576 190.8437271118164
577 207.21291961669922
578 185.71027374267578
579 241.31130530506886
580 201.76091461181642
581 203.99522094726564
582 202.51473236083984
583 198.2322265625
584 226.6715087890625
585 221.73866271972656
586 269.875178527832
587 231.2547119140625
588 256.55591583251953
589 241.82593836135166
590 241.24274597167968
592 225.76309204101562
593 230.0056182861328
594 251.11947631835938
595 247.1722381591797
596 264.53466796875
597 225.05767679069754
598 242.34237213134764
599 221.63644825070347
600 203.84813232421874
601 277.0893218994141
602 192.57416229248048
603 239.48827362060547
604 262.1030776977539
605 238.1829605102539
606 212.12242889404297
607 183.19683380126952
608 201.3103256225586
609 241.1778305053711
610 238.31170196533202
611 254.19723663330078
612 213.94527159420085
613 231.66395111083983
614 228.76486834060483
615 263.9339172363281
616 267.92237945909835
617 194.462353515625
618 210.10877380371093
619 258.74880949501556
620 211.07127990722657
621 255.34772796630858
622 226.5624237060547
623 248.1592239379883
624 209.30470123291016
625 215.748779296875
626 198.95536193847656
627 270.50474548339844
628 244.20712585449218
629 198.84053955078124
630 198.80990295410157
631 234.82447093165501
632 211.7764923095703
633 208.12454071044922
634 229.26024475097657
635 231.4154324634526
636 226.3830764770508
637 192.13914184570314
638 212.74579010009765
639 253.31415710449218
640 214.5786361694336
641 250.83512268066406
642 255.12047424316407
643 264.6611171058548
644 230.20552825927734
645 211.69558410644532
646 212.26605072021485
647 245.7267868041992
648 210.66763305664062
649 221.98348846435547
650 222.30939331054688
651 258.13889465332034
652 201.5705352783203
653 210.20380554199218
654 229.38716583251954
655 271.44354553222655
656 290.09043579101564
657 212.8571171828972
658 183.01981506347656
659 228.74812312776058
660 205.79339752197265
661 209.60499725341796
662 240.08367462158202
663 189.20423431396483
664 275.016682771952
665 198.3154739379883
666 190.2380355834961
667 238.53704376220702
668 183.65753173828125
669 201.81080322265626
670 190.82210388183594
671 245.49393042199853
672 276.2747353638943
673 191.28055267333986
674 224.5721878051758
675 236.9858383178711
676 267.3268341064453
677 243.9469024658203
678 231.19775390625
679 222.15690155029296
680 208.13530426025392
681 236.4670671841463
682 196.8537826538086
683 185.18228759765626
684 200.50084381103517
685 212.40657653808594
686 225.41707916259764
687 231.40779571533204
689 189.68905792236328
690 223.79714813232422
691 243.21348952091125
692 194.96542510986328
693 199.5114486694336
694 215.45904083251952
695 212.06961900009765
696 190.94928573351922
697 247.0722457885742
698 205.78936920166015
699 194.0877944946289
700 220.01752014160155
701 254.37476003567957
702 249.19164276123047
703 251.74692077636718
704 262.9031814099461
705 231.30642852783203
706 228.6235092163086
707 251.98153839111328
708 214.03288879394532
709 195.22744140625
710 247.55356140136718
711 203.72466278076172
712 196.99533081054688
713 203.79081268310546
714 226.50601703608723
715 171.4991027832031
716 244.79051818847657
717 256.7052001953125
718 196.30931187545116
719 229.1372039794922
720 225.91165466308593
721 233.45934143066407
722 195.28857233712932
723 188.9771585052696
724 231.93052944159672
725 239.97411764495504
726 249.51426391601564
727 243.8586181640625
728 204.53677368164062
729 255.14304962158204
730 233.20812530517577
731 179.60819244384766
732 544.9211486816406
733 241.8844970703125
734 205.88646850585937
735 202.3577087402344
736 228.61337127685547
737 236.36961891148863
738 253.19566192626954
739 230.87955780029296
740 228.96445007324218
741 210.41958923339843
742 225.89511413574218
743 237.43294372558594
744 188.667417198947
745 176.8871276855469
746 218.81377868652345
747 228.08808972534698
748 226.99697975864655
749 225.6843714279451
750 235.8087371826172
751 219.8717239379883
752 206.65108184814454
753 189.02757568359374
754 236.6647476196289
755 201.56146451037282
756 237.10714509960263
757 187.65491943359376
758 234.5908950805664
759 270.9100616455078
760 248.4795928955078
761 216.11791229248047
762 230.5670488491574
763 210.6196044921875
764 213.70237884521484
765 206.47704162597657
766 278.03531951904296
767 243.9879165649414
768 196.66637725830077
769 196.71789093017577
770 238.9763198852539
771 184.65924224853515
772 216.8058319091797
773 247.6225784301758
774 210.41387939453125
775 172.7802276611328
776 188.88965454101563
777 215.29893341064454
778 224.5748291015625
779 250.4134033203125
780 232.73958740234374
781 222.9809326171875
782 219.07286224365234
783 239.18772888183594
784 244.20598438803728
785 208.9947265625
786 221.4913757324219
787 218.77195434570314
788 188.45462493896486
789 232.90172407921597
790 206.4503433227539
791 241.4953170776367
792 247.34103088378907
793 193.37491638384114
794 232.19847869873047
795 166.66403198242188
796 204.41403045654297
797 187.77713775634766
798 235.9581260386226
799 251.95430450439454
800 190.4667755126953
801 224.3436258329075
802 226.46861593800617
803 184.9890121459961
804 211.0526321411133
805 215.8770115230155
806 229.80682220458985
807 209.55709075927734
808 204.70531463623047
809 257.84495849609374
810 241.70447895827914
811 194.93818359375
812 217.94351959228516
813 194.5513137817383
814 228.55059204101562
815 189.182177734375
816 230.47530822753907
817 218.33799896240234
818 243.7584806659438
819 211.85182189941406
820 203.95335845947267
821 245.2688751220703
822 190.89956359863282
823 259.0256637573242
824 200.55272064208984
825 275.87316883718444
826 253.0855972290039
827 256.4829956054688
828 187.1225158691406
829 238.13641662597655
830 209.52743377685547
831 231.63311614990235
832 223.86764001008424
833 243.81087799072264
834 191.70902557373046
835 207.56686096191407
836 250.71194019752676
837 257.43766021728516
838 196.22356719970702
839 230.86878356933593
840 227.97644500732423
841 232.6002166748047
842 225.76322021484376
843 197.8648422241211
844 214.01178131103515
845 252.45267028808593
846 207.3260025024414
847 256.1848799674654
848 226.77335458030976
849 248.87088012695312
850 220.06788787841796
851 195.52356567382813
852 218.2764516393018
853 220.9562789916992
854 270.8690612792969
855 205.98213424978772
856 186.50625305175782
857 230.87452291195183
858 220.02730865478514
859 220.71467082016215
860 259.0949737548828
861 221.58574829101562
862 200.28431125463564
863 236.56937561035156
864 193.34626007080078
865 195.10479431152345
866 179.49799499511718
867 241.82097947055323
868 237.67792663574218
869 213.15740814208985
870 273.4991729736328
871 201.87311553955078
872 167.68596801757812
873 251.85918273925782
874 263.4126770019531
875 219.0371841430664
876 214.88652801513672
877 205.18019408654226
878 224.3461700439453
879 207.8049072265625
880 215.48634185791016
881 228.40995330810546
882 271.37550659179686
883 177.1982650756836
884 188.90076293945313
885 250.59288330078124
886 203.22958374023438
887 227.24461822509767
888 234.46948699951173
889 245.54835510253906
890 190.50907440185546
891 229.3822982788086
892 200.63110961914063
893 188.84740600585937
894 234.21511688232422
895 205.05184020996094
