0 203.3422679901123
1 197.7243578004011
2 198.38549995422363
5 222.844482421875
6 223.82165673011195
7 178.81207847595215
8 253.42891413205007
9 203.7138500213623
10 207.99208068847656
11 188.65791130065918
12 225.65821266174316
14 286.96142959594727
15 204.5409739226269
18 198.40697288513184
19 243.11068353428823
20 202.22928047180176
21 219.986234664917
22 218.65106010437012
23 168.41751098632812
25 228.4360122680664
27 199.83772659301758
28 241.77434921264648
30 239.85629272460938
37 220.0027961730957
38 215.31512069702148
39 193.80884170532227
40 186.91007804870605
41 181.02524948120117
42 194.08642959594727
43 205.1545867919922
44 263.23786126825587
45 239.02502822875977
46 211.1402130126953
48 251.54451751708984
50 281.11372746893176
52 220.7300624847412
54 220.7394962310791
56 221.2312831878662
57 243.0761547088623
58 260.9510597386678
59 223.73728370666504
60 212.38958358764648
61 246.55203247070312
62 197.42211532592773
63 228.15223503112793
64 253.31021881103516
66 212.8532657623291
67 250.84331512451172
68 205.56708145141602
69 261.4635696411133
74 221.9291286468506
75 217.55690383911133
78 206.14949798583984
79 260.9587383971543
80 274.9767532348633
82 202.68353462219238
84 212.63642501831055
85 255.46699560310958
86 240.3002191728184
88 223.77186012268066
89 213.76667976379395
91 218.62269973754883
93 212.02486610412598
94 227.5124740600586
96 222.19653701782227
97 205.92171478271484
99 193.39797973632812
100 233.99609375
101 175.46001625061035
102 217.2717227935791
103 183.70424461364746
104 264.9076733678711
105 243.42199325561523
106 206.94497680664062
110 181.6681251525879
111 224.40562629699707
112 250.36806536913863
113 267.1273291630883
115 207.87901496887207
116 324.8128242492676
118 229.8676700592041
121 217.7328338623047
122 203.64988327026367
123 235.29034042358398
124 215.4367904663086
125 228.13233321044814
127 221.5523199529816
129 237.95663773557197
131 192.179931640625
132 214.9077968597412
133 208.18908309936523
134 204.26235961914062
135 213.41688919067383
140 248.354248046875
141 221.85162734985352
142 235.37537574768066
143 258.1964645385742
144 275.0493469238281
146 200.6723567290298
147 200.7518196105957
148 232.57276725769043
149 199.05491638183594
150 230.5525894165039
151 247.0030117034912
153 201.5541706085205
154 243.78372192382812
155 230.18490409851074
156 256.04645919799805
157 202.02832221984863
158 245.38427925109863
159 204.05393981933594
160 216.46213722229004
161 186.6545524597168
162 241.35789489746094
163 214.02361869812012
164 223.91955341544065
165 184.07871055603027
166 189.5715274810791
167 186.12661170959473
168 170.43737411499023
170 236.14355087280273
172 241.90210151672363
173 238.09393310546875
174 188.38447952270508
175 179.6611442565918
176 190.01598930358887
177 219.4202537848942
178 252.94157791137695
179 259.94762229919434
180 181.9980640411377
185 247.4164372940454
186 217.16961479187012
189 196.62226486206055
191 188.5410919189453
192 232.68314743041992
195 175.60759162902832
196 225.43141555786133
197 238.64681879401252
198 260.78225236138894
199 231.17975997924805
200 243.1976833343506
202 195.77134895324707
203 227.72999572753906
204 232.89957809448242
205 243.78514289855957
206 200.4655475616455
207 218.7930393218994
208 185.7967987060547
209 235.16404724121094
210 258.00663814165205
211 159.33799934387207
212 168.68596839904785
213 250.1185380589946
215 216.27071952819824
216 220.04933166503906
217 233.5979232788086
218 222.58378410339355
220 209.21751022338867
221 246.2626953125
222 215.1188735961914
223 214.9379997253418
225 224.2672576904297
226 187.88087272644043
228 278.62559509277344
229 152.383544921875
230 260.76991081237793
231 201.48104095458984
233 223.3946132659912
234 192.7812442779541
237 249.4391746520996
238 205.0598258972168
239 182.9824187273111
240 165.00914573669434
245 213.83769989013672
246 209.58549905807692
247 237.71522331237793
248 238.71082496643066
249 220.55440890432544
250 206.2686767578125
251 195.41708374023438
252 216.2087116241455
253 209.81282234191895
254 182.96514129638672
255 216.26116371154785
256 197.59930038452148
258 233.5915699005127
259 237.18571090698242
260 280.5458068847656
261 194.24746704101562
262 253.4707431793213
263 217.91593551635742
264 237.77398587299064
265 236.83766746520996
266 235.56659126281738
267 189.74247360229492
268 222.10309600830078
269 231.4355121132752
270 206.5528106689453
272 186.38236045837402
273 229.06880378723145
276 218.76391983032227
277 247.95844268798828
279 206.32683753967285
280 246.22871129754893
282 220.62630653381348
284 214.3316192626953
285 214.70998191833496
286 232.8530972832378
287 214.02857208251953
288 202.01826095581055
289 236.78344535827637
290 234.4966697692871
292 229.5969696044922
293 183.5092945098877
294 233.2539737238256
295 212.98180961608887
297 229.00314903259277
298 202.4517650808673
300 274.6251640319824
302 189.8051528930664
303 212.5647315979004
304 205.1974391937256
305 248.0566577911377
306 204.3030821267325
308 214.6468906402588
311 226.3543243408203
312 230.88987159729004
313 247.97024380400208
314 258.638277053833
315 206.75400161743164
316 270.25229835510254
317 189.1641445159912
318 222.17334365844727
319 241.98456001281738
320 220.0001049041748
322 240.0564193725586
323 208.1681137084961
324 173.60087966918945
325 258.7676239013672
326 171.7610092163086
328 214.32328605651855
329 218.20758628845215
330 237.07248878479004
333 227.12990951538086
334 213.0037670135498
336 205.6151580810547
337 193.34437370300293
338 220.5904312133789
339 205.2044448852539
340 208.7802448272705
341 242.03159141540527
342 222.52182388305664
343 219.14841651916504
344 201.564847946167
345 202.41217613220215
346 248.10014152526855
347 217.4670978529747
348 211.45363426208496
350 230.10051345825195
351 179.97591018676758
352 253.3171787261963
354 214.75018882751465
355 176.24493217468262
356 197.7610263824463
357 271.85772705078125
358 241.65575408935547
359 193.44924545288086
360 204.4929370880127
361 200.60455322265625
363 183.26703643798828
364 181.66913986206055
365 228.0853729248047
366 189.4358139038086
368 248.37220573425293
369 199.8759250640869
371 225.2849292755127
372 233.61203575134277
373 192.62977600097656
374 216.71760368347168
375 238.7156219482422
376 212.76808738708496
378 242.67002296447754
379 240.43721389770508
380 210.65464782714844
381 205.95973014831543
382 199.7162857055664
383 231.5474796295166
384 191.09440803527832
386 203.2347469329834
387 239.79557826272784
388 232.10194396972656
390 247.79902464242804
391 212.4702091217041
393 211.42564010620117
395 212.47563362121582
396 226.81947326660156
397 227.89980697631836
398 228.97825050354004
399 258.12871170043945
402 254.48366244024555
403 241.942138671875
404 205.51862143885222
405 195.35403442382812
406 185.98175048828125
407 228.84424572692598
409 250.5344295501709
410 196.51479148864746
411 152.43121147155762
412 234.39088249206543
414 259.1160945892334
415 200.8759479522705
417 186.2121753692627
419 248.2217025756836
420 215.58449363708496
421 189.45745277404785
422 183.10095596313477
423 236.88049125671387
425 180.42892837524414
428 185.97637939453125
429 245.403959274292
430 213.80315017700195
431 231.0040988922119
432 254.27605727958087
433 207.67435836791992
436 206.7850755734597
437 213.6605739593506
438 259.970609664917
439 239.73297418444753
440 245.61184883117676
441 259.7771511077881
442 204.53229141235352
443 206.94184494018555
444 189.16628074645996
447 189.46217155456543
448 222.26324462890625
449 208.08636665344238
450 210.24590682983398
451 243.48267098531616
452 182.4790439605713
453 235.59820562980886
454 282.9443895256703
458 224.25455856323242
460 186.9177290819817
461 230.0562515258789
462 255.7400779724121
465 229.42851638793945
466 253.7939796447754
467 235.59361839294434
468 229.66683959960938
469 259.8239943386849
471 237.14586448669434
473 236.78647422790527
474 256.0679569244385
475 235.1432113647461
476 209.18689346313477
477 211.265474319458
478 251.16018295288086
480 190.2749423980713
482 234.34811178283633
483 235.21329763451297
484 227.20123863220215
485 174.98008918762207
486 249.46240234375
488 184.84718322753906
490 226.75544929504395
491 202.93753814697266
493 174.16225624084473
494 213.06598472595215
495 258.5997347116771
496 251.36548233032227
497 226.73729515075684
498 189.56560897827148
499 216.73493003845215
500 206.7795238494873
503 282.30017471313477
505 183.32713508605957
506 211.6783118364753
507 227.13766288757324
508 240.69155263677615
509 194.41889572143555
510 221.00267219543457
512 199.9778537750244
513 204.07305145263672
514 211.03760984537575
515 252.84425354003906
516 230.80050885815695
517 190.22807502746582
518 200.9241008758545
519 213.90233993530273
520 226.3338856560132
521 199.4797649383545
522 219.09427642822266
523 195.16287231445312
526 220.68015098571777
528 223.1869831085205
529 184.5706443786621
531 205.05266952514648
532 191.3434238433838
533 177.9131031036377
534 248.11825942993164
535 177.34475502464954
536 170.42732048034668
537 216.9462661743164
538 186.37146377563477
540 263.16106605529785
541 235.8174533843994
542 218.86314392089844
544 221.97787475585938
545 196.324462890625
546 219.0905647277832
547 232.25581550598145
550 229.7882957458496
553 211.86181449890137
554 213.9025115966797
556 196.7409324645996
557 267.63685349969353
558 212.99911880493164
559 236.6747124890632
562 226.99141883850098
563 220.39304733276367
564 207.97345352172852
565 192.25836181640625
566 219.04756318685529
567 241.74267196655273
568 257.0146198272705
569 197.2840118408203
570 225.0629177093506
572 196.9676399230957
574 209.41045321715637
576 234.26652908325195
577 249.5097541809082
580 213.31494903564453
581 207.5190358968106
582 230.6996726989746
583 239.10312461853027
584 232.14408493041992
585 197.612886428833
586 190.8804168701172
587 217.25711631774902
588 238.74295821738707
589 228.82641410827637
590 233.7747917175293
591 207.7420196533203
592 183.64398956298828
593 231.869384765625
594 187.87067794799805
595 257.2434768676758
596 193.96987095450717
599 179.51922798156738
600 244.28450393676758
602 285.36240545985686
603 237.9848518371582
605 252.67348324082403
607 248.08619560410858
608 196.1201343536377
609 239.9350528717041
610 214.48165702819824
612 216.83319664001465
613 213.42711448669434
615 266.31902214928107
616 224.6033935546875
617 197.2841252380022
618 239.83760833740234
619 232.15621185302734
620 240.4829444885254
621 192.15616035461426
622 227.0671215057373
624 212.63678359985352
625 207.22489547729492
626 212.0737784520607
627 257.1097832910193
629 235.32958984375
630 241.06216049194336
631 182.53301620483398
632 204.49651527404785
633 246.31554412841797
634 177.5929889678955
635 219.7171516418457
638 219.89205360412598
640 205.0050392150879
641 258.78407859802246
642 242.4662570953369
643 225.30067443847656
644 190.35235023498535
645 173.64548301696777
646 191.89733123779297
647 243.1743984222412
648 272.85400390625
649 239.56405639648438
653 208.2084427875886
655 199.6378631591797
656 220.2719669342041
657 249.58469009399414
658 226.78662300109863
659 254.79125595092773
660 206.884033203125
661 215.16079902648926
662 211.52279663085938
663 269.07227325439453
664 212.1077995300293
665 222.5802173614502
667 173.60243034362793
668 215.74386405944824
669 176.4756965637207
671 236.33302688598633
672 227.80999183654785
673 227.74961471557617
675 223.43617248535156
677 212.94239044189453
678 206.15694534441766
680 239.53873252868652
681 214.60004234313965
684 197.48169708251953
686 267.74796295166016
687 198.22602653503418
688 244.40979957580566
689 225.8887119293213
690 187.20769500732422
691 246.3259563446045
695 264.7433204650879
697 195.95174980163574
698 210.71104049682617
700 212.1248513780269
701 192.49995803833008
702 209.71754455566406
703 227.42172622680664
704 198.90390968322754
705 205.21249771118164
706 212.63665962219238
707 237.07415962219238
710 217.14354133605957
713 210.90667343139648
714 216.3183479309082
715 175.7705955505371
716 201.4989356994629
718 294.0136413574219
721 213.4853894073503
722 235.76615142822266
724 235.7680892944336
725 223.8526954650879
726 253.34344100952148
727 210.61145210266113
728 204.97610473632812
729 241.4792745872281
731 218.60863304138184
732 186.18020057678223
734 211.6607781872963
735 200.93996047973633
736 202.26317405700684
737 289.9318199157715
739 197.69170570373535
740 184.6269817352295
741 201.50968742370605
742 181.33147430419922
743 214.3642934941572
744 238.93789125806103
745 226.03177642822266
746 232.5008316040039
747 186.0119972229004
748 252.6398862509295
749 227.84262977622737
750 183.36745834350586
751 228.24069786071777
752 262.1009528923041
755 219.24852761860916
756 194.1308422088623
757 189.58083534240723
758 200.61515617370605
762 241.06978607177734
763 284.41506576538086
764 251.5284037193743
767 237.9498996734619
768 212.87740898132324
769 231.6914577484131
770 252.33364295959473
771 204.20942878723145
772 197.8358097076416
773 189.4802131652832
774 243.52069473266602
775 254.91669082641602
776 229.36396980285645
777 175.62594032287598
780 216.772855758667
781 217.35044288635254
782 235.1924934387207
783 187.64168548583984
784 222.4252986907959
785 256.8727855682373
787 190.28888702392578
788 237.1773452758789
789 217.55149841308594
790 257.6565914154053
791 247.9867343902588
792 169.4246425628662
793 170.58242797851562
794 247.80938911437988
795 182.4762306213379
797 219.1010799407959
798 219.13884735107422
799 218.11500609719855
800 211.25588312091378
801 213.62600005038993
802 243.72609519958496
803 239.52917671203613
805 252.1258544921875
806 153.2350196838379
807 228.95357513427734
808 250.93572807312012
809 219.79775536257608
810 209.70030784606934
811 176.95273208618164
813 205.2936496734619
814 205.15353202819824
815 240.82189559936523
817 225.34515190124512
818 236.72426223754883
819 229.54897689819336
820 252.18408141274318
821 209.2083969116211
822 212.3409023284912
823 194.19488716125488
824 186.63887405395508
825 244.38463401794434
826 264.2502746582031
828 219.0753688812256
829 185.4879379272461
832 216.88913917541504
834 220.84651947021484
836 175.0391445159912
837 206.78572672463034
838 216.33582652053713
840 244.02917289733887
841 217.4082669148172
842 228.09340476989746
843 202.35575248474632
849 220.53680419921875
850 158.93271446228027
852 226.0850009918213
853 202.02946903172568
854 266.8673324584961
855 194.51098251342773
856 215.5376205444336
858 193.76739501953125
859 191.9289093017578
860 187.5343835132747
862 272.5027847290039
863 254.67240309117432
865 191.07252645064185
867 195.30415680921902
868 223.54796600341797
869 221.0527063367556
870 228.15299797058105
871 210.9640235900879
872 226.1971378326416
873 259.3042869567871
874 233.18135833740234
875 217.54708290100098
876 234.99363899230957
877 210.3527431488037
878 266.46424865722656
879 223.6629508559883
880 238.48197492930154
881 271.0162162780762
883 206.72605323791504
884 235.31640434265137
885 228.18881225585938
886 224.84524243995747
887 212.4480972290039
888 224.87128829956055
892 222.84389305114746
893 234.17217254638672
894 213.9537573964372
896 236.58200645446777
897 270.3835277214554
899 238.74958419799805
900 252.7095890045166
901 227.589624883517
902 265.3602523803711
904 205.26873779296875
905 175.8469409942627
906 230.3014144897461
907 215.10544776916504
910 247.25450134277344
911 223.63912773132324
912 207.48697662353516
914 227.91626605741465
915 266.8648567199707
916 174.22227478027344
917 241.98687764367668
918 167.50069046020508
920 206.91375923156738
922 213.72158813476562
923 234.00144386291504
924 238.17533493041992
926 200.19440269470215
927 227.8774757385254
928 182.99692916870117
929 251.20825781729877
930 194.3430633544922
931 221.00067138671875
932 202.0451145172119
933 224.05908966064453
934 238.0062084197998
936 231.89921760559082
937 222.1908416748047
938 205.51240235749796
939 216.6551113128662
941 207.3688564300537
945 206.28768920898438
946 201.9605598449707
947 213.5409870147705
948 212.13262176513672
949 249.85312761003075
950 195.4270305633545
952 239.3177547454834
953 366.28036492032743
954 246.10747909545898
955 256.48722076416016
956 213.68170547485352
958 210.15814208984375
959 184.7751750946045
963 190.76427841186523
965 170.57741165161133
966 246.29058265686035
967 181.6812400817871
968 226.1725959777832
969 257.98665618896484
971 225.28619766235352
972 243.7251834892984
973 200.66194700832722
974 222.6257667541504
975 244.8921155885006
976 208.81585778198217
977 223.6689682006836
978 220.11800003051758
979 246.69596099853516
980 231.34881401062012
981 188.54158401489258
982 191.41590118408203
984 240.67542457580566
985 211.3875217437744
986 205.02788925170898
987 217.38698196411133
988 251.83661460876465
989 230.95873641967773
991 241.2620286244791
995 198.28789520263672
996 252.5243128034014
997 192.87469291687012
998 220.79408073425293
999 233.9280548095703
1000 170.76678276062012
1001 213.14649772644043
1002 261.3594093322754
1003 224.69547754200258
1004 210.32279777526855
1005 199.0064525604248
1006 265.75152587890625
1007 188.98797416687012
1011 240.62984657287598
1012 237.85411262512207
1013 245.03736305236816
1016 211.53599790704095
1017 213.5559425354004
1018 167.5102710723877
1021 205.54754257202148
1022 221.99749755859375
1023 225.52088737487793
1024 167.18398475646973
1025 222.2042236328125
1026 189.80824661254883
1027 241.31982231140137
1028 226.89487075805664
1029 203.99465560913086
1030 253.40266227722168
1031 201.51251983642578
1032 218.94645692568153
1033 199.0552806854248
1034 195.37521934509277
1038 240.05153069693426
1039 204.13533210754395
1042 227.2021264444863
1043 220.4914049916469
1044 218.00385856628418
1046 229.39192962646484
1047 199.69666481018066
1048 239.31185340881348
1049 203.0004425048828
1051 205.47497940063477
1052 273.00035194831605
1053 190.65225982666016
1054 158.56607055664062
1055 238.03132247924805
1056 212.7108300649124
1058 204.24248123168945
1059 216.27413492937873
1060 224.0929889678955
1061 202.98618507385254
1062 235.29323768615723
1063 287.11327362060547
1064 214.52207946777344
1066 199.3469066619873
1067 253.04254913330078
1068 288.3302075645032
1069 252.70668029785156
1070 251.3201911720841
1072 177.39786911010742
1073 194.18593215942383
1074 240.60946464538574
1075 254.6328945159912
1077 183.0465316772461
1078 207.15837287902832
1080 215.43820762634277
1081 221.48155784606934
1082 210.02045822143555
1083 249.50337843221473
1084 250.70556640625
1085 278.9985046386719
1086 176.7287826538086
1087 229.0718994140625
1088 235.73227882385254
1090 238.9725570678711
1091 269.60708236694336
1092 240.73946952819824
1093 198.56044931800054
1094 196.32048797607422
1096 211.78560829162598
1097 246.95450568715546
1099 179.29069137573242
1100 253.15361404418945
1101 260.1622085571289
1102 244.47060012817383
1103 212.2368927001953
1104 240.53643798828125
1105 224.66590118408203
1106 215.72150086112765
1108 251.12365913391113
1109 203.23247909545898
1110 244.11388443573543
1111 277.76850509643555
1112 235.4668025970459
1113 218.85163497924805
1114 218.27019882202148
1116 221.60034942626953
1118 219.71247722011105
1119 251.42578286700376
1120 226.65549875821876
1121 228.59118337749564
1123 216.64523315429688
1124 226.72226333618164
1125 238.73712348937988
1126 176.02957725524902
1127 208.8109645843506
1128 266.7280328313176
1129 204.54382514953613
1130 229.99197006225586
1131 191.68659210205078
1133 178.94748603807264
1134 224.2127793431551
1135 229.3935412679325
1136 212.3597011566162
1137 212.3716368320553
1138 227.50395011901855
1140 247.29331970214844
1141 263.1229190826416
1142 258.3509292602539
1143 187.78513526916504
1146 205.11563873291016
1149 213.97296714782715
1150 219.53092002868652
1151 194.58192253112793
1152 250.28538703918457
1153 243.25511360168457
1154 193.91315841674805
1155 180.8877182006836
1156 186.90141487121582
1157 195.2684154510498
1158 221.19386291503906
1159 191.69463729858398
1160 192.3206272125244
1162 217.4058494567871
1164 196.28473472595215
1166 231.93597984313965
1167 178.12124633789062
1168 207.28855323791504
1169 243.3420867919922
1170 236.37715530395508
1172 216.96638870239258
1174 200.00549301530532
1175 212.7200584411621
1176 257.52615991408607
1177 217.4332981109619
1178 244.90871238708496
1179 205.67926025390625
1180 173.87692260742188
1181 298.5296058654785
1182 265.2551689147949
1183 194.05239379079296
1184 203.13955879211426
1185 248.30675745479056
1186 212.21881675720215
1187 166.16419410705566
1188 249.28839302062988
1189 231.8228274196528
1191 239.62858200073242
1192 269.67554092407227
1193 214.40226936340332
1194 190.25307083129883
1198 206.524808883667
1199 230.15500450134277
1201 235.06941518496683
1202 196.24419784545898
1203 184.7515106201172
1204 238.98825653978332
1205 199.40495681762695
1206 202.81817817687988
1208 214.26624870300293
1210 197.35812759399414
1211 199.54813766479492
1212 235.86340713500977
1213 235.70268058776855
1215 191.3791732788086
1216 226.21919631958008
1217 197.37418365478516
1219 225.34354209899902
1220 191.75787544250488
1222 220.45792961120605
1223 218.9289665222168
1226 268.01733589172363
1228 229.77094078063965
1229 207.2268581241877
1231 255.15672874450684
1233 239.94982712649423
1234 273.9146423339844
1236 209.81226921081543
1237 239.87192916870117
1241 226.2252312372842
1242 183.0419864654541
1244 194.11999702453613
1246 200.9184112548828
1247 228.386812210083
1248 194.2224464416504
1249 224.99677848815918
1250 244.37563133239746
1251 222.30856704711914
1252 199.19941520690918
1253 228.11246490478516
1254 201.54370307922363
1255 194.6498654106574
1256 190.3422451019287
1257 248.543701171875
1258 234.8037109375
1259 245.50813674926758
1260 263.410587310791
1262 223.88273060140904
1264 240.72492218017578
1265 220.6338596343994
1266 188.0888614654541
1267 200.58240699768066
1268 201.93832397460938
1270 275.80529403686523
1271 177.6006965637207
1273 190.82081413269043
1274 238.5908432006836
1275 236.94289779663086
1277 211.3541202545166
1278 181.11611557006836
1280 185.13308906555176
1281 260.7483615875244
1282 236.1615505218506
1283 211.25274467468262
1285 180.20574569702148
1287 227.43304624608487
1289 199.66951370239258
1290 242.35021591186523
1291 212.9223117828369
1292 239.65680313110352
1293 241.46459472057336
1294 236.94585800170898
1295 192.93997383117676
1296 260.0470848083496
1297 188.6934757232666
1301 252.79951286315918
1302 212.9089641571045
1303 213.14564741511433
1304 229.9704532623291
1305 204.04086303710938
1307 227.3407442392326
1308 263.0516471862793
1309 266.5575916334432
1310 193.51040649414062
1311 188.0527057647705
1312 208.9053611755371
1313 190.23699569702148
1314 243.40694035810807
1315 256.3826747716015
1316 227.17302131652832
1319 209.51724243164062
1320 197.41437870762658
1321 202.86086654663086
1322 255.6205596923828
1323 224.83814430236816
1324 216.261568069458
1325 247.09243202209473
1327 245.4115047454834
1328 209.72256088256836
1329 207.05236053466797
1331 211.82219886779785
1332 198.11515426635742
1333 267.726016998291
1335 256.640287399292
1336 196.39864921569824
1339 188.10493659973145
1340 197.70886611938477
1341 197.69516563415527
1342 230.97567749023438
1343 232.7382550616635
1344 240.97698783874512
1345 210.12670707702637
1346 204.64931297302246
1347 228.25933647155762
1348 229.6445442566839
1349 225.0871639251709
1350 191.32928085327148
1351 188.04935264587402
1352 211.13025856018066
1353 252.22086334228516
1354 213.3380298614502
1356 220.20388412475586
1357 199.47972869873047
1358 219.6838092803955
1359 244.4615135192871
1360 254.6492462158203
1362 249.10578536987305
1363 253.42021942138672
1364 231.71350288391113
1366 263.75729314135174
1367 228.69093322753906
1368 210.07978630065918
1369 210.72061920166016
1372 210.20858001708984
1374 244.03208923339844
1376 208.82228088378906
1377 201.49106788635254
1378 220.38798141479492
1379 250.9673557281494
1380 280.5268284541161
1381 225.93360137939453
1382 221.3783893585205
1384 256.511173248291
1385 200.80227661132812
1386 209.33574295043945
1387 192.336001782584
1389 227.53189849853516
1390 270.161319732666
1391 287.6093444824219
1392 179.87823295593262
1393 211.15076506993015
1394 228.57415580749512
1395 217.6104679107666
1396 181.74989700317383
1397 212.86534881591797
1398 200.44621658325195
1399 226.91490931131207
1400 203.81931495666504
1401 205.17378447696876
1405 207.2461757659912
1407 237.7130470275879
1408 188.01348114013672
1409 196.88497734069824
1411 274.2299446514634
1413 192.78724098205566
1414 197.18759727478027
1415 239.26094436645508
1416 188.56205940246582
1417 235.38385391235352
1418 232.76390075683594
1419 181.41576385498047
1420 242.62081146240234
1421 200.52258682250977
1422 231.22432899475098
1423 220.8459300994873
1424 189.61688423156738
1425 243.53644371032715
1427 271.1972743379245
1428 226.00140762329102
1429 214.0076503753662
1430 216.29184532165527
1431 189.8328800201416
1432 224.4227409362793
1433 235.13715934753418
1434 266.1743698120117
1435 242.32526779174805
1437 230.3566017150879
1438 221.04497718811035
1439 207.15646934509277
1440 234.40609388313698
1441 195.97426986694336
1442 184.34543418884277
1443 207.66223335266113
1444 199.43965530395508
1447 210.5564785003662
1448 209.9917221069336
1450 224.4620532989502
1452 229.79960823059082
1453 234.5579433441162
1454 187.19855499267578
1456 211.9077548980713
1458 221.14995956420898
1459 200.32600784301758
1460 242.77690315246582
1461 193.48548698425293
1462 199.8476161956787
1463 214.38330268859863
1464 210.6593771131592
1465 189.35604648269492
1466 246.09540367126465
1467 204.67984580993652
1470 192.87152290344238
1471 227.73639423754668
1472 218.80298614501953
1473 253.1298289050731
1474 247.7202377319336
1475 250.19287109375
1476 221.73155403137207
1477 261.9241122604795
1478 194.25863075256348
1479 229.5802707672119
1480 227.1986427307129
1481 249.30465507507324
1482 209.80711936950684
1483 228.92131423950195
1484 194.0191764831543
1485 246.41306686401367
1486 220.27011680603027
1488 225.68027531772015
1489 220.2833652496338
1490 184.94546699523926
1492 213.51990889071055
1493 192.68751335144043
1494 201.6709804534912
1495 214.44149589538574
1496 195.1721420288086
1497 202.8135871887207
1498 225.3615665435791
1499 188.15095710754395
1501 170.62616157531738
1502 156.99825477600098
1504 243.33770751953125
1506 254.47923278808594
1508 194.31793333186278
1509 227.1719913482666
1511 231.16521644592285
1512 225.27273178100586
1513 230.44221305847168
1514 192.6919717517183
1515 238.53886795043945
1516 174.80672454833984
1518 194.1798911416265
1519 187.48759955980967
1520 231.4355121132752
1521 240.93075511893798
1522 197.49425900596725
1523 208.66473388671875
1524 246.67937088012695
1525 212.8942527770996
1526 242.35511589050293
1527 203.76611709594727
1528 241.98775482177734
1529 254.14021492004395
1530 180.09167861938477
1531 226.7993909828234
1532 230.39413261413574
1533 224.20844078063965
1534 191.5951919555664
1535 205.4746971130371
1537 177.58672904968262
1539 543.5263137817383
1540 244.88023948669434
1541 194.94741821289062
1542 202.09867095947266
1543 199.02625465393066
1544 226.45896911621094
1545 235.0225075718559
1546 241.74659729003906
1547 254.3515853881836
1548 217.8848419189453
1549 251.59908485412598
1550 229.43591117858887
1551 226.5968894958496
1553 193.2954807281494
1556 209.88409423828125
1557 229.05463790893555
1558 223.22455406188965
1559 236.49383735656738
1560 187.47714042663574
1563 176.23344039916992
1564 261.705753326416
1565 217.81893730163574
1566 225.1729679107666
1571 254.14712524414062
1572 227.21000954132725
1573 225.3392276763916
1574 238.57674026489258
1575 224.1844857387888
1576 260.09937477111816
1577 233.6449375152588
1578 218.83497619628906
1579 202.82790756225586
1583 187.42764282226562
1584 250.46159172058105
1587 204.2791331237476
1588 174.10427474975586
1589 218.20517349243164
1590 198.95198513320528
1592 235.21660349364387
1593 186.62523651123047
1594 225.87887382507324
1595 175.98269653320312
1596 207.34654808044434
1597 225.0137825012207
1598 234.0915355682373
1599 269.5045738220215
1601 247.40598487854004
1602 214.46777725219727
1603 186.13051414489746
1604 276.8299666537389
1605 284.1357421875
1606 227.6525993347168
1607 209.36056253154658
1608 231.25718523747213
1609 238.39800453186035
1610 190.5151738487057
1611 209.4182300567627
1612 210.21081352233887
1613 171.14635276794434
1614 204.72118759155273
1615 276.35980796813965
1616 241.79109954833984
1617 195.64473152160645
1618 195.2278823852539
1620 237.01174926757812
1621 215.6075553894043
1622 229.75664710998535
1623 200.31772422790527
1624 182.81807327270508
1627 215.39634323120117
1628 245.99347305297852
1630 225.76321029663086
1631 208.67358207702637
1632 171.82454872131348
1633 187.82386016845703
1635 200.12206649780273
1636 212.36877632141113
1637 222.64472770690918
1640 249.22365951538086
1641 231.10077285766602
1642 238.54088264941754
1644 230.83605194091797
1645 220.93112564086914
1646 220.86383056640625
1648 217.16934204101562
1649 237.61412239074707
1650 174.74951553344727
1652 242.85976777752708
1653 207.20028495788574
1654 220.4981174468994
1655 217.17132759094238
1656 187.16972732543945
1657 230.13291549682617
1659 228.92811182509416
1660 204.46381950378418
1662 244.54766067315438
1666 240.2534351348877
1667 246.59590911865234
1668 191.5328296686442
1670 230.03676414489746
1671 255.07931327819824
1672 165.96278953552246
1673 203.2194061279297
1674 186.52975845336914
1676 234.93850227484074
1677 250.56043815612793
1678 189.68780899047852
1679 223.30098080798007
1680 223.76412227846475
1681 204.05029487609863
1682 184.1184425354004
1683 209.89484214782715
1685 214.98690466255846
1686 228.1989402770996
1687 211.34319877624512
1688 208.1698818206787
1689 181.83012162683386
1690 217.8695411682129
1691 203.5014133453369
1693 328.70156478881836
1694 217.17562294006348
1695 256.43091201782227
1696 239.76790809631348
1697 193.29050636291504
1698 216.00767135620117
1699 181.85975074768066
1700 242.88678741455078
1701 191.56742095947266
1703 193.20126342773438
1704 226.43211936950684
1705 211.44450187683105
1706 186.30244827270508
1707 225.42373657226562
1708 216.3377799987793
1709 242.801547792879
1710 210.37404251098633
1712 246.50915652116544
1713 202.41217422485352
1714 244.30910873413086
1715 189.55596923828125
1716 257.493070602417
1717 198.6614646911621
1718 274.64741502597275
1719 250.6554126739502
1720 260.90854835510254
1721 255.15493392944336
1722 218.4512882232666
1723 183.8119297027588
1724 236.19304084777832
1727 204.17215728759766
1728 207.8006477355957
1729 212.09761238098145
1730 220.7457389831543
1734 223.198071588533
1735 231.43335914611816
1736 241.62115097045898
1737 190.04448699951172
1738 190.15997505187988
1740 204.28599739074707
1741 205.2663917541504
1742 248.85325074739674
1744 256.22076988220215
1748 194.15368843078613
1750 175.58539009094238
1751 266.4695053100586
1752 235.88653373718262
1753 220.18195915222168
1754 212.1365089416504
1755 228.66397857666016
1757 226.77468299865723
1758 231.0888614654541
1759 188.38485717773438
1760 226.59455108642578
1761 229.8641128540039
1762 225.08673477172852
1763 195.79776191711426
1764 189.14834594726562
1765 210.4735107421875
1766 250.81262969970703
1767 200.47567558288574
1768 206.07885360717773
1769 234.44533157348633
1770 238.23197392451007
1771 245.76195335388184
1772 241.6985912322998
1773 254.095418806988
1774 225.1086552767788
1775 262.24714851379395
1776 195.36373138427734
1777 247.60757064819336
1778 218.79659843444824
1779 194.1432342529297
1780 216.9611174513489
1781 261.44673919677734
1783 219.44319343566895
1785 269.1217231750488
1786 202.84358978271484
1787 185.55297660827637
1788 220.9784244701963
1789 187.38692610758363
1790 198.3523826599121
1791 202.94891929626465
1792 216.99584007263184
1794 175.64243125915527
1795 219.15235074749273
1797 257.29340744018555
1798 219.88107109069824
1799 230.45874786376953
1800 198.70795292632678
1801 234.6106472015381
1802 214.60296249389648
1803 230.79052925109863
1805 189.50362586975098
1807 207.31427764892578
1808 215.2854995727539
1810 212.89404106140137
1811 204.60750007629395
1812 251.39409140934725
1813 188.17850303649902
1816 194.48695373535156
1818 234.9559555053711
1820 278.5376968383789
1821 178.48311614990234
1822 238.1246852874756
1823 236.49388122558594
1824 211.3021068572998
1825 270.75622940063477
1826 201.0448703765869
1827 181.54358100891113
1830 192.5119228363037
1832 233.5910987854004
1833 193.2356948852539
1834 166.69240951538086
1836 249.71349716186523
1842 262.34997940063477
1843 189.6455607362027
1845 253.97748851776487
1847 216.86403465270996
1848 220.77303504943848
1849 212.2438735961914
1850 196.0371913909912
1852 215.18521118164062
1854 223.01646041870117
1855 206.5965347290039
1856 212.57148933410645
1857 223.52834701538086
1859 198.29603576660156
1861 206.40370178222656
1862 269.1605682373047
1863 176.1901683807373
1864 190.60689735412598
1865 202.9528980255127
1868 237.86178970336914
1869 197.10315823941585
1870 187.15097999572754
1871 249.54223251342773
1872 197.91275787353516
1873 199.167818069458
1874 267.40231288396336
1875 224.4525375366211
1876 197.61041629207568
1877 232.43611335754395
1878 243.55648803710938
1879 188.763822555542
1880 228.01922607421875
1881 199.1469383239746
1882 187.77709007263184
1884 231.55486869812012
1885 227.1133575439453
1888 197.56203269958496
1889 203.8454189300537
