0 307.62388798727216
1 329.1216506958008
2 261.6769332885742
3 274.37084197998047
4 323.52405548095703
5 276.78831481933594
6 250.4154052734375
7 290.98667907714844
8 311.2313766479492
9 309.37450408935547
10 295.6335678100586
11 273.88407135009766
12 257.7525825500488
13 322.8025817871094
14 280.0108337402344
15 285.9445343017578
16 281.7996368408203
17 262.30067443847656
18 323.2464294433594
20 328.7593002319336
21 271.2216987609863
22 281.9319763183594
23 293.1082000732422
24 295.6824951171875
25 295.0296096801758
26 321.1924057006836
28 266.5987243652344
29 294.25721740722656
30 267.47111892700195
31 323.2307434082031
32 257.2800750732422
33 290.41947174072266
34 288.4629592895508
35 282.6685333251953
36 269.1675491333008
37 283.98896408081055
38 274.9447555541992
39 267.83692169189453
40 282.63525390625
41 270.61731719970703
42 296.41378021240234
43 321.198486328125
44 330.328125
45 281.4911804199219
46 288.7699737548828
47 228.2183952331543
48 225.66096115112305
50 273.673828125
51 304.39122772216797
52 346.13287353515625
53 327.01009368896484
54 257.27202224731445
55 291.00716400146484
56 281.8404846191406
57 328.6290817260742
58 254.8930435180664
60 329.50750732421875
61 312.0142822265625
62 292.8371810913086
63 300.10074615478516
64 313.95703125
65 277.2696418762207
66 268.20430755615234
67 303.6373519897461
68 263.1001663208008
69 335.80560302734375
70 278.44896697998047
71 318.5719528198242
73 279.63574981689453
74 276.1114730834961
75 318.62638092041016
76 318.7065887451172
77 300.15161895751953
78 345.83655548095703
79 316.09950256347656
80 297.6454849243164
82 258.0251007080078
83 277.3553466796875
84 254.7753448486328
85 329.51881408691406
86 278.59996795654297
87 281.75394439697266
88 304.3783579841764
89 321.9295654296875
90 299.3692398071289
91 282.77423095703125
93 309.6415252685547
94 283.97476959228516
95 256.4918785095215
96 274.68517303466797
