1 332.067569732666
2 271.86652175383284
3 277.76111602783203
4 328.98323822021484
5 280.13611602783203
7 295.7353858947754
8 312.7100143432617
9 313.6067657470703
10 301.9700927734375
11 278.69350814819336
13 330.7778502590418
14 286.5620231628418
15 292.6928939819336
16 287.05611419677734
17 268.144775390625
18 327.4358711242676
19 297.713436126709
20 337.9606170654297
21 278.7206859588623
22 287.6237335205078
23 295.5749092102051
24 299.78539657592773
25 299.27124786376953
26 326.81642150878906
28 271.67358779907227
29 296.67587661743164
30 278.0373020172119
31 327.1089324951172
32 270.4629783630371
33 294.79919815063477
34 292.260440826416
35 290.4072074890137
36 274.4464302062988
37 297.1530704498291
38 278.95733642578125
39 277.7066421508789
40 286.92332458496094
41 276.8052291870117
42 298.93212509155273
43 329.2288047476526
44 335.56285095214844
45 290.5043601989746
46 292.05260467529297
47 235.50000762939453
48 229.48285293579102
49 277.0277786254883
51 309.11949920654297
52 350.7280960083008
53 329.7570843158304
54 261.7938938140869
55 296.28517150878906
56 290.37193298339844
57 332.6257858276367
58 266.52099990844727
59 305.9926109313965
60 336.31844329833984
61 315.24784088134766
62 300.9683303833008
63 304.3688735961914
64 317.5111885070801
65 286.7532482147217
67 306.1548881530762
68 266.87631607055664
69 340.92449808273983
70 286.8728904724121
71 326.89181900024414
72 328.1718292236328
73 282.95007705688477
74 279.5076789855957
75 325.01156997680664
76 324.1845283508301
77 307.41970443725586
78 349.63983154296875
79 320.7810821533203
80 303.8394546508789
81 301.0821189880371
82 267.588436126709
83 282.42575454711914
84 265.78226470947266
85 339.0462303161621
86 283.6199836730957
87 284.1820373535156
88 308.2314877994612
89 326.2010955810547
90 302.81739807128906
92 289.62516021728516
93 314.7926483154297
94 293.36352157592773
95 262.11980628967285
96 280.2976608276367
