1 332.761711968316
2 273.7413380216361
3 278.3681131998698
4 329.9080064561632
7 296.4556715223524
8 312.99066162109375
9 314.29208034939234
10 302.93096245659723
11 279.5364176432292
13 331.8990640540441
14 287.9489508734809
15 293.82816908094617
16 287.97604031032984
17 269.3650953504774
18 328.1747741699219
19 298.13710530598956
20 339.65954250759546
21 279.76034376356336
22 288.8873019748264
23 295.8959316677517
24 300.70332505967883
25 300.1649576822917
26 327.76790703667535
28 272.5982157389323
29 297.5450507269965
30 279.7976803249783
31 327.70448811848956
32 272.3731384277344
33 295.6399197048611
34 292.7923414442274
35 291.86899820963544
36 275.55464341905383
37 298.7905493842231
38 280.35423448350696
39 279.17910107203545
40 287.8352864583333
41 277.8475172254774
42 299.60257297092016
43 330.4714484041634
44 336.31553141276044
45 291.833747016059
46 293.1326192220052
47 237.29544067382812
48 230.42830064561633
49 278.08485243055554
51 309.7342597113715
52 351.57007853190106
53 330.34428273820345
54 263.00215827094183
55 297.26697794596356
56 292.0768805609809
57 333.31992594401044
58 268.2956848144531
59 307.0494434348991
60 337.80092366536456
61 315.84380425347223
62 302.441643608941
63 305.171149359809
65 288.05642869737414
67 306.80260213216144
68 267.59978569878473
69 342.1466323018451
70 288.5189208984375
71 328.1235860188802
72 329.43622504340277
73 284.1044684516059
74 280.1189202202691
75 326.09490288628473
76 325.54786512586804
77 308.52704535590277
78 350.3020494249132
79 321.80901421440973
80 304.7801920572917
81 301.9672546386719
82 269.08729383680554
83 283.39587063259546
84 267.38009304470484
85 340.6464035513484
86 284.5281711154514
87 284.61692301432294
88 309.23066927660443
89 327.1050788031684
90 303.3439466688368
92 290.5802307128906
93 315.5748867458767
94 294.9048156738281
95 262.80977206759985
96 281.07755194769965
