0 292.5630187988281
1 327.23712158203125
2 251.80929565429688
3 272.8074951171875
4 309.73016357421875
5 273.09271240234375
6 268.55474853515625
7 279.6644287109375
8 309.35296630859375
9 292.2542419433594
10 291.6005554199219
11 263.4955749511719
12 243.447998046875
13 295.05010986328125
14 276.81866455078125
15 280.548583984375
16 277.8464660644531
17 247.65484619140625
18 313.8138427734375
19 290.9837646484375
20 324.25299072265625
21 255.15907287597656
22 275.0040283203125
23 288.14178466796875
24 286.3862609863281
25 289.417724609375
26 316.7043762207031
27 269.1672668457031
29 283.9005126953125
30 247.5115203857422
31 314.2807922363281
32 237.97702026367188
33 286.8336181640625
34 281.9073486328125
35 261.2315979003906
36 260.8819580078125
37 240.8722686767578
38 268.0312805175781
39 247.36920166015625
40 273.6736145019531
41 260.8659362792969
42 294.7261962890625
43 310.63519287109375
44 321.115966796875
45 254.90814208984375
46 287.6698913574219
47 217.0791015625
48 224.78836059570312
49 254.7532958984375
50 262.58245849609375
51 288.68914794921875
53 324.69549560546875
54 251.7865753173828
55 289.35113525390625
56 259.1208801269531
57 318.1015930175781
58 244.5286865234375
59 272.7807312011719
60 325.1135559082031
61 309.89080810546875
62 290.1483459472656
63 291.0072937011719
64 305.4355773925781
65 252.63438415527344
66 229.53424072265625
67 301.59173583984375
68 258.8395080566406
69 332.5287780761719
70 273.21942138671875
71 298.6556701660156
72 313.62994384765625
73 276.0731201171875
74 273.75
75 313.53851318359375
76 311.70806884765625
77 295.62115478515625
78 332.91668701171875
79 312.59759521484375
80 294.4183349609375
81 281.66253662109375
82 244.39877319335938
83 272.29925537109375
84 237.6328125
85 323.41064453125
86 276.1755676269531
87 277.10235595703125
88 302.420654296875
89 312.99737548828125
90 296.0332336425781
91 275.5419921875
92 268.2641906738281
93 302.04742431640625
94 244.32962036132812
95 249.0809783935547
96 265.60400390625
