0 304.8373641588108
2 258.8899332682292
3 273.8292643229167
4 321.0990702311198
5 275.14373779296875
6 241.05694580078125
7 288.9286193847656
8 310.59999593098956
9 306.9923502604167
10 294.4116923014323
11 271.87706502278644
13 318.20802815755206
14 278.90076700846356
15 282.7837320963542
16 280.2046407063802
17 259.8472086588542
18 321.2900390625
19 294.6095479329427
20 327.7297668457031
21 267.34441630045575
22 280.04685465494794
23 291.6437683105469
24 293.6786193847656
25 293.4945983886719
26 319.9495544433594
27 278.5879618326823
28 264.1294250488281
29 292.8465881347656
30 262.8617401123047
31 321.488037109375
32 250.64013671875
33 288.7910461425781
34 286.5619201660156
35 278.61582438151044
36 267.22925821940106
37 277.43499247233075
38 273.6925455729167
39 262.76978556315106
40 280.9073893229167
41 268.4927062988281
43 319.63242594401044
44 328.7224934895833
45 277.43567911783856
46 288.2122497558594
47 226.2067108154297
48 225.25384012858072
49 266.47979736328125
50 268.56324259440106
51 301.73265584309894
52 343.84765625
53 326.60767618815106
54 255.19834899902344
55 290.12281290690106
56 279.27492268880206
57 327.26234944661456
58 249.65121459960938
59 296.63323974609375
60 328.103759765625
61 311.06772867838544
62 291.32506306966144
63 298.6418965657552
64 312.5448913574219
65 271.571050008138
66 260.36317952473956
67 303.2462463378906
68 262.5234375
69 333.96457926432294
70 276.4133605957031
71 314.2240295410156
73 278.1161702473958
74 275.14612833658856
75 316.5538838704427
76 316.9844258626302
77 298.3386942545573
78 344.03296915690106
79 315.12721761067706
81 291.707763671875
82 253.21537272135416
83 276.26304117838544
84 252.3403523763021
85 327.5537923177083
86 276.90674845377606
87 280.6800231933594
88 303.0913391113281
89 319.81922403971356
90 298.4427795410156
91 279.58534749348956
92 276.6686503092448
93 307.5747985839844
94 279.30481974283856
95 253.69248962402344
96 271.5488993326823
