1 328.0131072998047
2 256.08375549316406
3 273.2063293457031
4 317.3225402832031
5 273.6956481933594
6 227.30804443359375
7 286.5428161621094
8 309.4429626464844
9 302.8566131591797
10 292.4779510498047
11 267.8787078857422
12 246.30496978759766
13 309.06175231933594
14 277.9432067871094
15 280.77293395996094
16 279.37840270996094
17 255.38021850585938
18 318.61346435546875
19 292.92625427246094
20 325.98472595214844
21 261.4482650756836
22 277.2174377441406
23 289.5142059326172
24 290.63401794433594
25 291.21832275390625
26 318.4281768798828
27 275.6968994140625
28 260.2807159423828
29 290.3687744140625
30 253.74694061279297
31 319.4391632080078
32 238.4536590576172
33 288.02301025390625
34 283.4412078857422
35 273.5299072265625
36 265.16978454589844
37 265.36193084716797
38 271.8701934814453
39 254.03549194335938
40 277.7571258544922
41 265.9436798095703
42 295.72547912597656
43 316.9641571044922
44 325.9028625488281
45 270.4512481689453
46 287.80992126464844
47 222.97710418701172
48 225.07588958740234
49 260.8984069824219
50 262.87290954589844
51 297.5987243652344
52 340.6689758300781
53 325.9590301513672
54 253.31714630126953
55 289.38648986816406
56 274.2111053466797
57 324.8163757324219
58 246.6944351196289
59 290.14674377441406
60 327.2583770751953
61 310.5784912109375
62 290.32179260253906
63 295.8101043701172
64 310.4904327392578
65 260.46126556396484
66 248.5533447265625
67 302.6278076171875
68 261.4962615966797
69 332.93157958984375
70 273.9744415283203
71 307.7484893798828
72 317.1105651855469
73 276.13238525390625
74 273.8289337158203
75 315.5259094238281
76 313.67832946777344
77 296.9510498046875
78 340.55438232421875
79 313.9388122558594
80 296.1473388671875
81 285.776611328125
82 247.66026306152344
83 275.2055969238281
84 247.816162109375
85 324.5093536376953
86 276.6735076904297
87 279.1109619140625
88 302.8763885498047
89 317.9818878173828
90 297.8371124267578
91 276.1837158203125
92 272.6372833251953
93 305.0782928466797
94 270.27264404296875
95 251.71106719970703
96 266.5553741455078
