0 203.71107821994357
1 198.53520898175844
2 199.41866217719183
5 224.0892367892795
6 224.43894409809866
7 179.91171095106336
8 253.94813458330665
9 204.62013075086804
10 208.4073805144435
11 189.0757598876953
14 288.03857421875
15 205.15778628191836
18 200.85675387912326
19 243.80968229306524
20 202.95777384440103
23 169.1209750705295
25 229.41517978244357
27 201.39400058322482
28 243.1475796169705
30 240.5814683702257
37 221.04854838053384
38 216.05212571885852
39 194.09232584635416
42 195.3971964518229
43 206.54168531629773
44 264.2616099185712
45 239.6462164984809
46 212.0395253499349
48 252.2454630533854
50 282.6985947456043
52 221.41692945692273
54 222.58951314290366
56 222.61244032118054
57 243.36320326063367
59 224.9240468343099
60 214.149417453342
61 247.1464097764757
62 199.07257249620227
63 228.10914272732205
64 254.65955607096353
66 216.60563320583768
67 251.32354397243924
68 206.38889906141492
69 262.12952677408856
74 222.75631205240884
78 206.9322984483507
79 261.53489352207987
80 275.79204644097223
82 203.05822584364148
83 213.0381096733941
85 255.9889427876165
88 225.0103997124566
89 214.35845438639322
91 219.2944329105646
93 212.6707509358724
94 228.12130228678384
96 222.8553229437934
97 206.83537801106772
99 194.25244818793402
100 234.95857408311633
101 175.9615732828776
102 218.30296495225696
103 184.51952955457898
104 266.4452281607639
105 243.90474616156683
106 208.12442770380753
110 182.23842536078558
111 225.59535895453558
112 250.88791276084896
113 268.38020350521043
116 325.3479648166233
118 230.71214633517795
121 218.5259280734592
122 204.43417697482639
123 235.83157687717014
124 216.5576917860243
125 229.23458135687835
127 222.13053677623972
132 215.61927286783853
133 208.89185587565103
134 205.98292107912536
135 214.60006713867188
140 248.9271935356988
141 222.71622382269965
142 236.5299801296658
143 259.2573716905382
144 275.53052775065106
146 201.66684055709766
147 202.37899102105035
148 233.3721466064453
149 199.54355525399282
150 231.3692660861545
151 247.7383575439453
153 202.09187995062933
155 231.43322245279947
156 256.5980224609375
157 202.80880228678384
158 246.31679958767361
159 204.7743174235026
160 216.99549187554254
162 242.7711215549045
163 215.07164510091147
164 224.4106832225792
165 184.61452399359808
166 189.93125915527344
167 186.42684427897134
170 237.04326883951822
172 242.51485358344183
174 188.85983615451389
175 180.14268832736545
176 190.96349249945746
177 220.0291697461863
178 254.59197998046875
179 260.543699476454
180 182.8063235812717
181 255.6075897216797
185 248.07248446319662
186 218.26114739312067
189 197.1038852267795
191 189.21910942925348
192 233.4210968017578
196 226.8521474202474
197 239.42397449387485
199 232.55542670355902
200 244.4694298638238
202 196.62910800509982
203 228.78084140353732
204 233.71141560872397
205 244.33666314019098
206 201.61734178331164
207 219.54109700520834
208 186.22874789767795
209 236.09884304470486
210 259.090034142406
211 161.76198154025607
212 169.4371303982205
213 251.11297960387193
215 217.90862019856772
216 220.81332736545139
218 223.6179894341363
220 210.29840766059027
221 246.88389417860242
222 215.85494656032986
223 215.8338656955295
228 279.3145684136285
229 152.95855373806424
230 261.6842227511936
231 202.22001478407117
233 225.06335957845053
234 195.82969326443143
237 250.18245442708334
240 165.59046936035156
245 212.32061937120227
246 210.80284140720119
247 238.26292419433594
248 239.79215155707465
249 221.66775840866254
250 207.3135511610243
251 196.04541015625
252 217.31768629286023
254 183.4690229627821
255 217.51514858669705
256 197.85774739583334
258 234.89324781629773
260 281.80730523003473
263 218.3743659125434
264 238.41915301069218
265 237.45792473687067
266 236.7482655843099
267 191.67251247829861
268 223.70062934027777
269 231.51678466796875
270 208.50333319769965
273 229.78483072916666
277 249.45956759982639
279 207.20052083333334
280 247.02535601937072
282 221.60167948404947
284 214.9127960205078
285 215.33800421820746
286 233.37365835983985
287 215.47998046875
288 202.5501234266493
289 237.31927320692273
290 235.85665045844183
292 230.49435255262586
293 183.69581264919705
294 234.03814082797084
295 213.38794453938803
297 229.4693077935113
298 203.71727330647406
300 275.17180718315973
302 190.1360100640191
304 206.13856336805554
305 248.69927978515625
306 207.88898437849312
308 215.57345241970486
311 224.77869500054254
313 248.35245968884385
314 259.96709696451825
315 208.6524420844184
316 271.271489461263
317 189.40243191189236
318 222.80268012152777
319 242.59376356336804
320 220.67784457736545
322 241.5339101155599
323 208.73720465766058
325 261.3599683973524
326 172.45425923665366
329 220.09691874186197
330 238.45574781629773
333 227.92680189344617
336 205.92772420247397
337 193.98460049099393
339 205.80273267957898
340 209.50407240125867
341 243.35178968641492
342 223.38899400499133
343 220.0468224419488
344 202.69864400227866
345 203.50632561577692
347 218.0217519109775
348 211.87999979654947
350 230.85126071506076
351 180.95699564615884
352 254.20664978027344
354 215.84858194986978
355 176.6278839111328
357 272.6689758300781
358 243.46627807617188
359 193.92405870225696
360 204.6975335015191
361 201.79472859700522
363 183.93119642469617
365 228.8739997016059
366 189.89319356282553
369 200.75701904296875
371 225.70991855197482
372 235.5079345703125
373 194.57550557454428
374 218.01650153266058
375 240.8535851372613
376 214.18142361111111
378 243.3986087375217
379 241.37539333767361
380 211.69169447157117
383 232.16490851508246
384 192.02045016818576
386 203.8936564127604
387 240.59576439108798
390 249.01855643671556
391 213.21928914388022
393 213.38509453667535
394 214.29695298936633
396 227.33274841308594
397 228.54911634657117
398 229.90803019205728
399 258.9184739854601
402 255.24911569124257
403 242.22430759006076
404 205.94358146995197
405 196.78953213161893
406 186.31363423665366
407 229.70465071560088
409 251.64535013834634
410 197.21235995822482
411 152.88424343532986
412 235.38278537326389
414 260.829845852322
415 202.03256225585938
417 186.64102172851562
419 248.81787957085504
420 216.42739868164062
422 183.6772003173828
423 237.65819125705295
425 181.76795111762152
428 186.86085340711804
429 246.2646230061849
430 214.61935255262586
431 232.04330444335938
432 254.91037583922812
433 208.47428724500867
436 207.3419930390388
437 214.52913072374133
438 260.5512339274089
440 246.9128129747179
441 260.28753492567273
443 207.31282212999133
444 189.72174411349826
447 189.99236382378473
448 223.79809061686197
449 208.5260704888238
450 211.05455017089844
454 284.03439347268784
458 225.4828135172526
460 187.44278351666603
461 231.12951588689032
462 256.5789150661892
465 230.3736334906684
466 254.58067491319446
467 236.63720872667102
468 230.36888631184897
471 238.10694376627603
473 238.2024451361762
474 257.3695797390408
475 235.5252193874783
476 209.4405517578125
477 211.68387010362414
478 251.624020046658
480 191.65657552083334
484 228.10821533203125
485 175.47493659125433
486 250.20699734157986
488 185.85535685221353
490 227.0885247124566
491 203.80491977267795
494 213.8534630669488
496 252.4498291015625
497 227.43119642469617
498 189.92731221516928
499 218.27217780219183
500 207.38893296983508
503 282.81878662109375
505 185.0418989393446
506 218.38437187385045
507 228.9708489312066
508 241.50854788687826
510 222.3132035997179
512 201.15125359429254
514 211.56817862720467
515 253.62392849392361
516 231.8970017975284
517 191.35416497124567
518 201.73866950141058
519 215.1897939046224
520 227.43748006662977
521 200.35504828559027
522 219.73645528157553
523 195.62102932400174
526 221.3237101236979
529 185.1907721625434
530 271.3554289561485
531 206.4295620388455
532 191.1639658610026
533 178.32623460557727
534 249.66253662109375
535 177.9128196247753
536 172.9550052218967
537 218.11416625976562
538 187.01258341471353
540 264.2733171251085
541 236.35701497395834
542 220.82852172851562
544 222.70185004340277
545 197.28945922851562
546 219.9540761311849
547 233.0281490749783
550 230.26112535264758
556 197.5039316813151
557 268.4670929762901
558 213.34246487087674
559 237.34831756401658
563 220.9423590766059
564 209.11752658420139
565 193.0001695421007
566 219.82363180899722
567 242.55100674099393
569 198.72947862413196
570 227.29858567979602
572 197.82971021864148
574 210.07120377657824
576 234.9856431749132
577 250.26902940538196
580 214.10772026909723
581 208.06202631932558
582 232.2031487358941
585 198.04593912760416
586 191.37321302625867
587 218.4835205078125
588 239.1914945439274
589 233.23506617049577
590 234.27591111924914
592 184.09634908040366
593 232.52427503797742
594 188.31883748372397
595 257.97007242838544
596 194.92979889424075
599 180.02266099717883
600 245.94922383626303
603 239.0031500922309
608 196.64121839735242
612 217.67503696017795
613 213.89156595865884
616 225.755126953125
617 198.3659455240575
618 240.46330091688367
619 233.167232937283
620 242.03353881835938
621 192.7984093560113
622 228.26433817545572
624 213.99869452582465
625 207.78001573350696
626 212.61049254875013
629 235.84897131374223
630 242.95630560980902
631 182.98992750379773
632 205.85389709472656
633 246.9251675075955
634 178.60429212782117
635 220.33783298068576
640 205.9174058702257
641 259.41658359103735
642 243.68124050564236
644 191.09718661838107
645 174.1468794080946
646 192.45485263400607
647 244.35011291503906
649 240.9168938530816
653 209.8153738271404
655 200.19229973687067
656 221.95488993326822
658 227.4422319200304
660 207.31414625379773
661 216.48478359646268
662 212.36308119032117
664 213.2418670654297
665 224.12901645236545
669 177.1470981174045
671 237.2715606689453
672 229.17468939887152
677 213.3674841986762
678 206.9418785277202
684 198.79820421006946
686 268.3716125488281
687 198.480221218533
688 245.13834804958768
689 226.86743333604602
690 187.72833591037326
691 247.91501702202692
692 259.0807915571026
697 196.54515923394098
698 212.58534918891058
700 212.94536349704822
701 193.05738661024304
702 211.13330586751303
703 227.90713840060764
705 205.55006069607205
706 211.14507548014322
707 237.67848205566406
710 218.167728000217
714 218.3619147406684
721 213.96219014757094
722 237.38872951931424
725 224.40687730577258
726 254.1552971733941
727 211.2158966064453
728 206.07113647460938
729 242.44662630681128
734 212.72572169708457
735 201.61256069607205
736 203.10184563530817
739 198.61310323079428
740 185.89516025119357
743 215.39921520227168
744 239.91026837142317
746 233.55387030707465
747 186.46180216471353
748 253.17327996610402
749 228.493044840696
751 230.01072014702692
752 262.665100758871
755 219.7099525419538
757 190.11412387424045
758 200.89476691351996
771 205.24036492241754
772 198.67957729763455
773 190.0415785047743
774 244.2604102286395
775 255.88775634765625
776 229.816897922092
780 218.32373894585504
781 218.08994886610242
782 235.58138763130214
783 188.1067911783854
784 223.95739576551648
785 257.73453606499567
787 192.0713636610243
788 237.69153340657553
789 218.67657131618924
790 258.33174472384985
792 172.10469394259982
793 171.61184861924914
798 220.04910278320312
799 218.75449679342995
800 212.18306554107266
801 215.18455050052023
802 244.65410868326822
806 155.15152147081164
809 220.34249634388274
810 210.90349324544272
811 177.9665035671658
813 206.43630133734808
814 205.59671868218317
815 241.552730984158
817 225.64221021864148
818 237.9186553955078
819 231.50562371148004
821 210.66854519314236
822 214.03468661838107
824 187.22996351453992
825 244.92356194390192
826 264.95298258463544
828 219.34428914388022
829 185.94321807005906
836 175.64226955837674
837 207.8389894154917
838 218.34423457641495
841 217.7818136329408
842 228.75389438205295
843 203.22694864692295
849 223.4792243109809
853 202.52658464169886
854 267.53251478407117
855 195.68809848361545
856 216.7299329969618
858 194.62208218044705
859 192.9727813666547
860 188.17377703078844
862 273.3390536838108
869 221.80664621969422
871 211.68496873643664
872 227.34752739800348
873 260.7561848958333
874 234.10807291666666
875 218.26746283637152
877 211.14689127604166
879 229.1620740735955
881 271.6410488552517
884 236.37608676486545
887 213.62712944878473
888 227.13519626193576
892 224.07094489203558
894 214.48543558394243
896 237.3227996826172
899 239.35023159450955
900 253.59517584906683
901 228.52944141121648
904 206.17130364312067
905 176.91636827256946
906 231.20913865831164
907 215.69627888997397
911 224.3623335096571
912 207.86868286132812
914 228.5559866989302
916 174.72451782226562
917 243.12712454231763
918 167.99051920572916
920 207.65624321831598
922 214.96568637424045
923 234.99744160970053
924 239.4131096733941
926 200.92868889702692
927 229.97553168402777
928 183.69510735405817
930 195.19336446126303
932 203.0744103325738
936 232.6355455186632
937 223.27266608344183
938 207.22949626873083
941 208.0373077392578
948 213.23445977105035
949 250.38044326512284
950 195.9801957872179
952 240.2248280843099
953 367.21863125839
954 247.10883585611978
956 214.79145553219394
958 211.09137641059027
959 185.1167924669054
963 191.99630398220486
965 171.52733527289496
966 247.20181952582465
967 182.99669392903647
968 226.80753919813367
969 258.93721856011285
971 226.0511084911248
972 244.58557976826523
973 202.03752792884293
976 210.14538310546854
978 220.953857421875
979 248.09986707899304
981 189.09840223524304
982 191.91912163628473
984 241.27860005696616
986 206.4539761013455
989 231.66517469618054
995 198.7239990234375
997 193.36959330240884
998 217.8980475531684
999 234.46173769400093
1000 171.38680521647134
1002 262.2922532823351
1003 225.68759245053008
1004 211.02893235948352
1005 199.6597442626953
1006 266.67406209309894
1007 189.32782491048178
1013 246.09910753038196
1017 214.8906012641059
1018 167.9987097846137
1021 206.79229058159723
1022 223.2558831108941
1024 167.49427286783853
1025 222.77285766601562
1026 190.34163920084634
1028 227.56130642361111
1030 254.0112592909071
1031 202.2013956705729
1032 219.57574125273254
1033 200.7577633327908
1034 196.59725273980035
1038 240.98240140454487
1043 221.49449113678077
1046 229.90242852105035
1049 204.09764946831598
1051 206.1159871419271
1053 191.35006374782986
1055 239.02605183919272
1058 204.879886203342
1062 236.09514702690973
1064 215.88638983832465
1066 200.15611945258246
1070 251.84231294289418
1072 177.91004774305554
1073 195.2242719862196
1074 241.57137213812933
1075 255.32988993326822
1077 183.69492933485242
1078 207.6344248453776
1080 217.75792439778647
1081 222.52879672580295
1082 210.99421861436633
1086 177.92770724826389
1088 236.9454837375217
1090 239.84038289388022
1092 241.32624986436633
1093 199.08010161003259
1094 196.80245971679688
1096 212.33340623643664
1097 235.0156976957658
1099 179.93447875976562
1101 260.67127482096356
1102 245.0273640950521
1103 213.80341593424478
1104 242.63876681857639
1105 225.39372083875867
1106 216.5156135448522
1109 204.28208753797742
1110 244.81123223714678
1112 236.0928480360243
1113 225.56751335991754
1116 222.28767903645834
1118 220.41109933942596
1119 252.22378005604327
1120 227.47314306123351
1121 229.32986001013938
1126 177.021969265408
1127 209.4347856309679
1128 268.6512601675514
1129 205.51236131456164
1131 192.58500501844617
1133 179.22048875584755
1134 224.55718257694514
1135 231.68442953199903
1136 213.16138543023004
1141 263.995837741428
1142 258.84834459092883
1143 188.44751146104602
1146 206.24643328532042
1149 211.53454420301648
1150 220.97059122721353
1151 195.62420823838977
1154 195.71192084418402
1155 181.37433200412326
1156 187.65481736924914
1159 192.53984917534723
1162 218.46573554144965
1164 197.0019073486328
1166 232.24208068847656
1167 178.81592305501303
1168 207.88250901963977
1170 237.3986579047309
1172 218.14542982313367
1174 200.878812869616
1175 213.98179287380643
1177 215.5015343560113
1178 245.7245398627387
1180 174.5835944281684
1181 298.21371120876734
1182 265.6805894639757
1183 194.26269266050087
1184 204.40521748860678
1185 249.9807116232253
1186 213.19136725531683
1187 166.69534810384116
1188 251.07651943630643
1191 240.00032552083334
1192 269.14449395073785
1193 214.71831258138022
1194 190.15599568684897
1198 206.89371914333768
1201 235.67454113175438
1202 197.35804748535156
1203 185.28338623046875
1204 240.26999248034994
1205 200.6192338731554
1206 203.45592074924045
1210 198.28422376844617
1211 201.16482713487414
1217 197.8341556125217
1219 226.05209689670139
1222 221.16346910264758
1223 220.4474894205729
1228 230.53925238715277
1233 240.9808620274784
1237 240.63119337293836
1242 183.85867818196616
1249 225.41872829861111
1250 245.0646718343099
1251 223.23193528917102
1252 200.3197496202257
1253 229.0842810736762
1254 201.95636155870227
1256 191.25794982910156
1259 246.38680013020834
1260 264.0089823404948
1262 224.48189978968563
1264 241.60563490125867
1265 221.17342414954464
1266 188.98525153266058
1267 201.37983873155383
1268 202.8736334906684
1270 276.49454413519965
1273 191.69449022081164
1275 238.1182115342882
1277 212.66531372070312
1280 185.53922695583768
1283 211.66465928819446
1285 181.8597666422526
1289 200.5535922580295
1290 243.37964545355902
1291 213.54821946885852
1294 237.5939466688368
1296 260.95898098415796
1302 213.41685316297742
1303 213.56770018170752
1305 204.5062289767795
1307 227.90278984188296
1309 267.2710818859773
1310 193.9325476752387
1311 189.67539638943143
1312 209.5418243408203
1313 191.07852851019965
1314 244.83959273693804
1315 257.6597829024479
1319 210.2191128200955
1322 254.7092810736762
1323 225.70960998535156
1324 217.1169925265842
1329 208.29409450954861
1331 213.98988172743054
1332 198.56642320421008
1333 269.26652357313367
1334 243.01856655544705
1335 257.53790452745227
1340 198.3021935356988
1341 198.27266947428384
1343 233.85812423666962
1345 210.991695827908
1346 206.49513244628906
1347 228.80149841308594
1349 225.78170267740884
1350 191.69634331597223
1351 189.33959384939556
1352 211.9992218017578
1353 252.79988606770834
1356 221.23666212293836
1363 254.25552029079861
1366 264.20873295507306
1367 229.4768998887804
1368 210.94055345323352
1369 211.50856696234808
1374 244.9057362874349
1376 209.7881605360243
1378 221.48580593532986
1382 221.85949876573352
1384 257.2308993869358
1385 201.22718471950955
1386 209.76668294270834
1387 191.95659332714064
1389 228.54669698079428
1390 270.86636691623266
1391 288.7634853786892
1392 181.02155558268228
1393 212.08692646786758
1396 182.4131842719184
1397 214.07683817545572
1400 204.84841918945312
1405 208.52628411187067
1407 238.9659898546007
1408 188.6702626546224
1409 197.69909159342447
1414 197.01591322157117
1415 240.47791375054254
1416 189.4651167127821
1419 182.6047159830729
1421 201.2272474500868
1423 221.9006059434679
1424 190.25050014919705
1425 244.61851033759388
1427 273.9896656766794
1429 215.23232184516058
1430 217.58105299207898
1431 190.63472323947482
1432 224.93363613552518
1433 235.98153177897134
1434 266.77747938368054
1435 243.07472398546008
1437 230.80908711751303
1438 221.65619066026477
1439 207.67817179361978
1441 196.44080098470053
1442 184.80989752875433
1444 199.95234171549478
1448 211.10990397135416
1450 224.98250495062933
1452 230.68298170301648
1453 235.05229017469617
1454 188.53848605685764
1456 213.1020999484592
1458 222.59075927734375
1459 201.36868455674914
1460 243.13906096127727
1461 194.26035393608942
1462 200.96793619791666
1463 214.92590840657553
1464 211.4062712061632
1465 190.16184302151007
1466 247.85244920518664
1467 205.20263841417102
1470 193.52129448784723
1471 228.3972552185311
1472 219.44575670030383
1475 250.98485649956598
1476 222.46384853786893
1477 262.36271323110327
1479 230.49928961859808
1480 227.98900349934897
1481 250.7595740424262
1484 194.68434312608508
1486 220.18289184570312
1490 185.92706298828125
1493 193.60026380750867
1494 202.7939910888672
1496 196.140872531467
1497 203.34207322862414
1498 225.97414313422308
1499 190.899417453342
1501 171.08263990614148
1502 159.39910719129773
1504 244.14008246527777
1508 195.50399717660807
1509 228.26369391547308
1512 225.6156209309896
1513 230.88844638400607
1518 194.69660232011768
1519 188.24493509591588
1520 231.51678466796875
1521 241.29157806362198
1522 197.91582415385022
1524 248.20956420898438
1525 213.85132853190103
1526 243.1185099283854
1527 204.13356018066406
1529 254.69734530978732
1532 231.90484958224826
1533 224.65336439344617
1534 192.70054796006946
1537 178.65769619411893
1540 241.14298163519965
1541 195.3809814453125
1543 200.79497612847223
1544 227.65327962239584
1545 235.65947545341183
1547 255.1515875922309
1549 252.46069505479602
1550 230.23276943630643
1551 227.65410698784723
1553 194.71576097276477
1556 209.63297865125867
1557 230.12625461154514
1558 224.63434855143228
1559 236.95655314127603
1560 188.08483378092447
1563 176.5626458062066
1565 218.36762491861978
1566 226.09938956811555
1572 227.64782796631437
1573 226.2178915314172
1574 237.95933532714844
1575 224.8823643307463
1577 235.12999640570746
1578 219.38856336805554
1583 188.28834533691406
1584 251.13185119628906
1587 205.01839726288415
1589 218.7207760281033
1590 200.2753132824672
1592 236.21833057399422
1593 187.18775092230902
1594 226.27600606282553
1595 176.7445034450955
1596 208.0585208468967
1597 225.6976256490918
1598 234.08434549967447
1602 215.28562249077692
1603 187.6568349202474
1605 284.866204155816
1606 227.9732903374566
1607 210.056729818623
1608 231.44214059411584
1609 239.6888393825955
1610 190.84394576482174
1611 210.04109700520834
1612 211.53192647298178
1614 205.65523613823785
1615 277.2895287407769
1616 242.94663831922742
1617 196.14830356174045
1618 196.00006612141928
1622 230.9338870578342
1623 200.93467712402344
1624 183.75958251953125
1627 216.0262739393446
1631 209.6141611735026
1632 172.3093753390842
1633 188.39932929144965
1635 200.31072319878473
1637 223.67373826768664
1640 249.84540473090277
1646 220.2733849419488
1649 238.46107821994357
1650 175.17090861002603
1652 243.56241510780183
1653 208.17879401312933
1654 220.77595689561633
1655 218.05070156521268
1656 187.87169392903647
1657 230.9614732530382
1659 231.13081511188926
1660 205.5535634358724
1666 240.93995496961804
1667 246.94749620225696
1668 192.5171596973235
1670 232.4368370903863
1672 166.1895514594184
1673 203.8594495985243
1674 187.21343315972223
1678 190.11022271050348
1679 223.90187517946754
1680 225.55543541994177
1682 184.5932091606988
1683 210.5296105278863
1685 215.3807208111631
1686 229.04828050401477
1687 211.96107652452258
1688 208.91197035047742
1689 182.30468208735059
1690 219.5261705186632
1691 204.13248528374567
1693 329.4387613932292
1694 218.0529039171007
1695 257.1975267198351
1696 240.83143954806857
1697 194.0779503716363
1698 217.06411404079861
1703 193.95088873969183
1704 227.55821228027344
1705 213.05081346299914
1706 187.82364230685764
1707 228.21875847710504
1708 218.29261949327258
1709 243.27823535365283
1710 211.18570793999567
1713 203.2401377360026
1714 244.79315185546875
1715 190.25391303168402
1717 199.56167772081164
1719 251.96441141764322
1721 255.76402113172742
1722 219.43799336751303
1723 185.6110110812717
1724 237.14010111490884
1728 208.73477681477866
1734 223.53757995098331
1735 232.01490105523004
1736 241.48523118760852
1737 190.90474107530383
1738 190.62268914116754
1740 205.96515062120227
1744 256.8357289632161
1748 195.28720940483942
1754 212.79782104492188
1755 229.8782467312283
1757 224.0510016547309
1758 231.90837605794272
1760 227.630130343967
1761 230.3542226155599
1763 196.9370574951172
1765 212.16441853841147
1767 202.0286136203342
1768 206.71862623426648
1769 235.0211435953776
1770 239.52284943463394
1771 246.6769053141276
1773 255.0735184317324
1774 225.9536805178355
1776 200.01937527126736
1778 219.4721154106988
1779 194.93653361002603
1780 217.6649599648926
1781 262.0846761067708
1783 220.24071756998697
1785 270.3314683702257
1786 204.57269880835787
1787 186.04734802246094
1789 188.01532273202312
1790 199.1788787841797
1792 218.56631639268664
1795 220.0166026962305
1798 220.78165181477866
1800 199.39266497097103
1801 235.69223361545139
1805 191.60363939073352
1807 208.35658264160156
1808 216.92753431532117
1811 205.17188686794705
1813 188.87771945529514
1816 194.82613796657986
1818 236.26233418782553
1821 179.03841145833334
1823 237.3447519938151
1824 212.31963772243924
1825 272.2484537760417
1826 201.4412587483724
1830 193.79814656575522
1834 167.15304565429688
1836 250.867190890842
1842 262.8570251464844
1843 189.92478391395102
1847 218.04056125217014
1849 214.1137237548828
1850 196.50431484646268
1851 204.83087835787686
1852 216.26813761393228
1854 223.68342929416232
1855 207.22294277615018
1856 214.14706251356336
1857 226.03824530707465
1859 199.01620144314236
1861 207.4347686767578
1862 270.38309054904516
1863 176.7142808702257
1864 191.26293267144098
1865 203.65042961968317
1869 197.64942699352156
1870 187.9580841064453
1871 250.09095255533853
1872 198.54678344726562
1873 201.31213548448352
1875 225.9794633653429
1877 233.54760233561197
1878 244.60042317708334
1880 230.60862392849393
1881 199.7990926106771
1882 188.2620849609375
1884 232.9199676513672
1886 267.92883639865454
1888 198.2814178466797
1889 204.45758226182727
