0 199.50955200195312
1 181.2568359375
2 191.736572265625
3 195.17039489746094
4 221.89820861816406
5 209.6921844482422
6 209.19163513183594
7 162.23712158203125
8 245.42808532714844
9 193.103271484375
10 204.16229248046875
11 180.6106414794922
12 218.05001831054688
13 144.41827392578125
14 266.24737548828125
15 201.10360717773438
16 175.74192810058594
17 182.74151611328125
18 164.6994171142578
19 230.61376953125
20 194.63153076171875
21 188.03131103515625
22 159.1571502685547
23 160.92953491210938
24 162.47276306152344
25 217.3825225830078
26 208.42245483398438
27 186.039306640625
28 209.87353515625
29 141.67327880859375
30 232.49151611328125
31 150.0978240966797
32 265.1668701171875
33 172.25912475585938
34 215.74282836914062
35 202.67083740234375
36 202.70779418945312
37 206.41445922851562
38 202.26654052734375
39 190.2224884033203
40 181.98361206054688
41 174.97325134277344
42 181.34732055664062
43 188.8255157470703
44 246.24322509765625
45 229.60198974609375
46 193.74420166015625
47 181.2782440185547
48 248.64820861816406
49 197.34442138671875
50 254.96737670898438
51 162.2099609375
52 204.4659881591797
53 167.6256866455078
54 167.5293426513672
55 216.5799102783203
56 203.2401580810547
57 241.26397705078125
58 252.5044403076172
59 203.46856689453125
60 195.67274475097656
61 239.64547729492188
62 176.25083923339844
63 216.9951171875
64 237.19857788085938
65 238.5433807373047
66 210.9562530517578
67 199.55470275878906
68 193.46192932128906
69 252.12030029296875
70 188.2232666015625
71 154.8461456298828
72 202.91238403320312
73 243.37298583984375
74 211.83009338378906
75 206.47776794433594
76 205.18093872070312
77 176.0902099609375
78 196.92532348632812
79 256.0712890625
80 267.1357727050781
81 206.3061065673828
82 190.04002380371094
83 177.57901000976562
84 206.2709503173828
85 247.7763671875
86 236.03433227539062
87 218.7574462890625
88 200.8914337158203
89 209.2310028076172
90 232.0074920654297
91 213.5525665283203
92 176.67437744140625
93 204.29971313476562
94 217.6608123779297
95 178.15948486328125
96 214.9815673828125
97 198.64584350585938
98 275.42950439453125
99 184.02378845214844
100 213.05996704101562
101 172.56118774414062
102 206.8748016357422
103 170.55874633789062
104 256.9697265625
105 235.08432006835938
106 192.47763061523438
107 213.79136657714844
108 171.04336547851562
109 176.6419219970703
110 175.54196166992188
111 221.5223388671875
112 234.82440185546875
113 248.0763702392578
114 191.94235229492188
115 200.82098388671875
116 320.4631042480469
117 248.38153076171875
118 224.05593872070312
119 208.36172485351562
120 135.30332946777344
121 207.11865234375
122 195.64114379882812
123 227.29043579101562
124 207.5149383544922
125 214.72657775878906
126 144.4386749267578
127 212.9190673828125
128 185.86715698242188
129 228.99916076660156
130 207.09185791015625
131 174.69253540039062
132 206.34298706054688
133 197.95945739746094
134 188.44155883789062
135 202.5166473388672
136 250.75807189941406
137 197.98727416992188
138 155.70216369628906
139 189.4152069091797
140 244.71878051757812
141 208.19044494628906
142 226.33462524414062
143 249.1019287109375
144 266.314453125
145 193.28427124023438
146 169.89703369140625
147 184.84890747070312
148 224.0413818359375
149 193.74380493164062
150 219.74655151367188
151 236.8192901611328
152 201.6708221435547
153 191.18898010253906
154 229.03012084960938
155 216.6271514892578
156 256.4905700683594
157 189.14089965820312
158 237.89682006835938
159 196.2203369140625
160 210.75894165039062
161 178.87522888183594
162 222.68661499023438
163 201.59449768066406
164 217.19105529785156
165 177.08819580078125
166 186.51100158691406
167 180.39004516601562
168 165.8507843017578
169 191.50436401367188
170 231.36866760253906
171 162.38088989257812
172 239.96646118164062
173 224.76695251464844
174 182.23077392578125
175 176.23692321777344
176 176.765380859375
177 211.57803344726562
178 227.20364379882812
179 252.27670288085938
180 170.78550720214844
181 217.40957641601562
182 216.545166015625
183 150.32107543945312
184 237.97073364257812
185 236.0056610107422
186 203.9948272705078
187 208.79164123535156
188 231.08493041992188
189 188.28945922851562
190 193.9645233154297
191 182.30657958984375
192 224.62078857421875
193 220.22052001953125
194 200.72463989257812
195 168.29747009277344
196 207.02511596679688
197 221.32965087890625
198 205.56402587890625
199 209.6438751220703
200 231.89671325683594
201 178.84674072265625
202 182.64190673828125
203 188.8555145263672
204 216.95359802246094
205 233.5397186279297
206 185.2152099609375
207 206.2513427734375
208 170.16552734375
209 231.26742553710938
210 247.07916259765625
211 140.75930786132812
212 160.80381774902344
213 246.19827270507812
214 239.8316650390625
215 163.47337341308594
216 204.4723358154297
217 230.34226989746094
218 214.23512268066406
219 202.82998657226562
220 190.471923828125
221 239.00613403320312
222 198.57627868652344
223 201.29794311523438
224 169.65945434570312
225 214.95452880859375
226 183.16795349121094
227 228.19473266601562
228 273.1795349121094
229 147.4569091796875
230 252.1856231689453
231 193.864990234375
232 204.46340942382812
233 183.1005859375
234 167.67697143554688
235 183.89918518066406
236 132.7515869140625
237 245.420654296875
238 196.77716064453125
239 158.87460327148438
240 152.8958740234375
241 225.34988403320312
242 199.91954040527344
243 219.43438720703125
244 149.14012145996094
245 207.0642852783203
246 198.0627899169922
247 232.3005828857422
248 223.11196899414062
249 199.386046381088
250 185.77296447753906
251 192.1307830810547
252 188.58221435546875
253 200.38734436035156
254 178.3021240234375
255 205.71556091308594
256 195.49432373046875
257 164.51556396484375
258 222.501953125
259 227.5978546142578
260 269.09954833984375
261 183.82861328125
262 247.04444885253906
263 211.81594848632812
264 229.4070206509173
265 227.13278198242188
266 224.53302001953125
267 167.9940185546875
268 209.77700805664062
269 227.07476806640625
270 181.08323669433594
271 236.23065185546875
272 182.9161376953125
273 213.36492919921875
274 203.3900146484375
275 206.61093139648438
276 212.16531372070312
277 234.3262176513672
278 177.11325073242188
279 199.6336669921875
280 240.13027954101562
281 257.2314453125
282 209.28366088867188
283 258.24053955078125
284 206.4608154296875
285 203.15631103515625
286 224.88947553152718
287 195.177978515625
288 195.3194122314453
289 231.48020935058594
290 212.92898559570312
291 200.14346313476562
292 220.52915954589844
293 182.07566833496094
294 217.73500061035156
295 210.45005798339844
296 213.931640625
297 224.5537567138672
298 184.09002685546875
299 204.63108825683594
300 269.0398864746094
301 152.38575744628906
302 183.47720336914062
303 194.75978088378906
304 191.95936584472656
305 243.44236755371094
306 189.40499877929688
307 251.3460235595703
308 207.54727172851562
309 156.6316375732422
310 222.5806884765625
311 222.01475524902344
312 219.5914306640625
313 227.77935791015625
314 245.43826293945312
315 199.86932373046875
316 246.2024688720703
317 182.41563415527344
318 207.9345703125
319 220.2261962890625
320 205.48370361328125
321 153.7462921142578
322 211.41534423828125
323 199.73599243164062
324 164.68780517578125
325 219.61819458007812
326 165.2084503173828
327 206.36312866210938
328 208.24098205566406
329 179.65029907226562
330 201.7166748046875
331 198.9498748779297
332 180.88433837890625
333 218.0677490234375
334 205.77728271484375
335 141.88616943359375
336 200.46322631835938
337 187.445068359375
338 200.21163940429688
339 197.85049438476562
340 201.48391723632812
341 219.39825439453125
342 200.20663452148438
343 212.072265625
344 192.61587524414062
345 180.757080078125
346 234.20614624023438
347 211.0161895751953
348 207.5720672607422
349 194.08143615722656
350 221.2480010986328
351 171.18064880371094
352 246.05294799804688
353 147.31199645996094
354 205.94334411621094
355 171.20228576660156
356 193.76109313964844
357 267.0496520996094
358 220.54527282714844
359 187.8419189453125
360 199.93186950683594
361 189.19296264648438
362 208.64610290527344
363 170.86270141601562
364 168.64218139648438
365 219.90647888183594
366 184.2799072265625
367 226.23818969726562
368 234.80882263183594
369 189.32493591308594
370 179.61473083496094
371 221.38938903808594
372 194.79983520507812
373 168.79412841796875
374 206.04510498046875
375 229.46998596191406
376 200.825439453125
377 155.54832458496094
378 226.81512451171875
379 232.43667602539062
380 200.72386169433594
381 193.54620361328125
382 192.32379150390625
383 222.3617401123047
384 180.90489196777344
385 271.526611328125
386 198.77960205078125
387 230.3068868440102
388 211.46913146972656
389 218.89520263671875
390 240.5355682373047
391 193.96810913085938
392 169.5636749267578
393 184.77273559570312
394 211.57110595703125
395 208.2321319580078
396 213.23513793945312
397 223.9959716796875
398 214.44920349121094
399 248.2803192138672
400 239.39942932128906
401 161.8516387939453
402 214.62924194335938
403 238.14596557617188
404 196.5583953857422
405 186.89028930664062
406 179.8838653564453
407 213.4636215771266
408 189.25177001953125
409 241.12020874023438
410 184.84194946289062
411 148.2752227783203
412 225.4616241455078
413 192.05462646484375
414 231.647216796875
415 175.39993286132812
416 257.0695495605469
417 180.89263916015625
418 207.71632385253906
419 242.84622192382812
420 210.94387817382812
421 183.95150756835938
422 176.05369567871094
423 223.69261169433594
424 180.06520080566406
425 165.8577423095703
426 194.9078826904297
427 221.62290954589844
428 176.52587890625
429 226.80917358398438
430 201.404541015625
431 224.3472442626953
432 207.3634033203125
433 192.2156524658203
434 149.55355834960938
435 153.29931640625
436 197.05557250976562
437 206.783203125
438 253.11769104003906
439 225.95974074120522
440 233.4088134765625
441 254.3148193359375
442 196.67237854003906
443 201.3574981689453
444 178.36257934570312
445 184.08291625976562
446 152.05393981933594
447 178.31190490722656
448 201.67103576660156
449 203.79556274414062
450 205.1089324951172
451 229.94448852539062
452 173.3614044189453
453 222.7707977294922
454 264.97552490234375
455 174.66220092773438
456 194.1527099609375
457 228.54428100585938
458 211.33206176757812
459 220.18475341796875
460 179.81005859375
461 215.54905700683594
462 245.39599609375
463 203.9068603515625
464 218.588134765625
465 211.4434051513672
466 244.12408447265625
467 227.1623992919922
468 223.86996459960938
469 256.2447814941406
470 198.94973754882812
471 225.0263671875
472 206.2603759765625
473 200.55001831054688
474 238.01382446289062
475 230.39004516601562
476 206.95492553710938
477 206.60813903808594
478 243.42535400390625
479 147.93109130859375
480 181.23883056640625
481 185.12738037109375
482 227.24594116210938
483 225.1770782470703
484 218.86956787109375
485 170.6659698486328
486 243.62322998046875
487 216.40567016601562
488 175.72174072265625
489 169.28778076171875
490 222.38699340820312
491 195.2643585205078
492 178.38499450683594
493 161.6687469482422
494 198.84539794921875
495 242.858642578125
496 236.27700805664062
497 219.29742431640625
498 181.97396850585938
499 203.51133728027344
500 198.0863800048828
501 151.4351806640625
502 141.21865844726562
503 278.1452941894531
504 201.63150024414062
505 140.88336181640625
506 197.73281860351562
507 197.579833984375
508 227.3438262939453
509 190.5410919189453
510 208.24908447265625
511 143.58273315429688
512 187.26531982421875
513 174.30335998535156
514 207.5263671875
515 246.82040405273438
516 216.79303265724784
517 174.5312957763672
518 189.81312561035156
519 172.12130737304688
520 216.1353759765625
521 194.85020446777344
522 213.70204162597656
523 190.27053833007812
524 204.70843505859375
525 223.97821044921875
526 210.37232971191406
527 166.662353515625
528 209.8747100830078
529 177.25668334960938
530 237.52467346191406
531 190.51976013183594
532 181.88967895507812
533 166.8695831298828
534 198.5342559814453
535 170.35710025579002
536 144.61325073242188
537 205.8880157470703
538 182.431884765625
539 241.57676696777344
540 244.32870483398438
541 221.19638061523438
542 199.59286499023438
543 206.68084716796875
544 211.26824951171875
545 185.3179168701172
546 208.79518127441406
547 222.449951171875
548 225.63192749023438
549 226.5181427001953
550 225.04986572265625
551 193.92807006835938
552 184.73416137695312
553 197.29136657714844
554 200.0580291748047
555 176.6324920654297
556 187.78158569335938
557 257.95416259765625
558 203.73907470703125
559 231.00656127929688
560 159.54640197753906
561 234.54409790039062
562 220.17953491210938
563 216.09744262695312
564 200.42979431152344
565 176.06439208984375
566 193.920166015625
567 230.2238006591797
568 244.63427734375
569 187.29501342773438
570 197.08404541015625
571 218.8905029296875
572 181.5637969970703
573 136.69757080078125
574 203.99215698242188
575 156.2572021484375
576 229.29559326171875
577 237.851806640625
578 173.9484405517578
579 156.6351318359375
580 196.92388916015625
581 201.45346069335938
582 212.06439208984375
583 224.45835876464844
584 214.50396728515625
585 194.55299377441406
586 188.48599243164062
587 194.7839813232422
588 232.10365295410156
589 216.33837890625
590 225.04443359375
591 198.1190643310547
592 175.73391723632812
593 228.21182250976562
594 178.3680419921875
595 232.29632568359375
596 184.58450317382812
597 195.97470092773438
598 142.5420379638672
599 172.76622009277344
600 219.26954650878906
601 134.4865264892578
602 276.9927978515625
603 224.88961791992188
604 200.99081420898438
605 202.03887939453125
606 199.93991088867188
607 239.1116802347387
608 185.08523559570312
609 232.05303955078125
610 206.8230743408203
611 204.8724365234375
612 197.76028442382812
613 204.70956420898438
614 215.0458984375
615 247.87353515625
616 207.6223602294922
617 182.02952575683594
618 232.2320098876953
619 220.47872924804688
620 223.53836059570312
621 181.5633544921875
622 214.46185302734375
623 186.09561157226562
624 190.1636962890625
625 197.9883575439453
626 195.09039306640625
627 250.37254333496094
628 180.15057373046875
629 226.0487060546875
630 160.537353515625
631 179.00564575195312
632 198.94122314453125
633 237.99984741210938
634 160.46543884277344
635 206.66448974609375
636 139.02117919921875
637 225.15052795410156
638 210.8597412109375
639 240.1102294921875
640 188.18203735351562
641 248.6898651123047
642 213.689453125
643 220.75428771972656
644 177.91307067871094
645 168.14614868164062
646 185.0115203857422
647 226.36422729492188
648 266.10028076171875
649 227.307373046875
650 166.44927978515625
651 189.02427673339844
652 195.23163578337216
653 190.51254272460938
654 146.44564819335938
655 189.5692596435547
656 203.64064025878906
657 242.535888671875
658 219.91781616210938
659 202.84512329101562
660 200.92599487304688
661 204.60256958007812
662 203.8859405517578
663 260.8713684082031
664 195.47837829589844
665 159.2452392578125
666 203.58837890625
667 166.2493896484375
668 209.13172912597656
669 166.77610778808594
670 187.24725341796875
671 223.8509521484375
672 198.68284606933594
673 223.2166290283203
674 191.2265625
675 209.10215759277344
676 185.514892578125
677 206.05384826660156
678 175.84432983398438
679 129.32249450683594
680 235.798583984375
681 206.056884765625
682 183.7262725830078
683 183.62155151367188
684 182.2127685546875
685 190.77305603027344
686 257.6805114746094
687 193.1381072998047
688 237.5987548828125
689 216.07037353515625
690 179.74551391601562
691 212.02159118652344
692 241.20249938964844
693 202.7258758544922
694 160.21051025390625
695 235.84432983398438
696 168.822998046875
697 181.04173278808594
698 182.22438049316406
699 223.330810546875
700 206.02243041992188
701 183.44357299804688
702 178.1879425048828
703 215.6044921875
704 159.9448699951172
705 201.11026000976562
706 196.11782836914062
707 221.32882690429688
708 196.12620544433594
709 160.005615234375
710 205.38046264648438
711 157.0244140625
712 176.19345092773438
713 205.08718872070312
714 196.97451782226562
715 169.12864685058594
716 193.62301635742188
717 175.3469696044922
718 302.6082763671875
719 183.4113311767578
720 180.93870544433594
721 208.27447509765625
722 213.472412109375
723 214.84567260742188
724 223.9650421142578
725 214.69308471679688
726 237.19073486328125
727 196.68637084960938
728 192.43966674804688
729 231.10037101423111
730 198.89540100097656
731 193.3208770751953
732 176.1134033203125
733 208.67471313476562
734 195.0541229248047
735 193.3514404296875
736 188.7182159423828
737 280.5816650390625
738 159.04220581054688
739 183.03919982910156
740 161.1273193359375
741 185.4363250732422
742 174.2162322998047
743 198.9412841796875
744 229.80558978128525
745 212.1684112548828
746 220.44915771484375
747 170.71461486816406
748 249.7528485523578
749 221.803466796875
750 163.08314514160156
751 222.77880859375
752 251.70806884765625
753 211.7600555419922
754 177.17373657226562
755 212.01663208007812
756 161.07252502441406
757 181.69041442871094
758 196.6527099609375
759 216.93707275390625
760 183.47067260742188
761 217.55316162109375
762 238.8448944091797
763 276.6912841796875
764 245.26486206054688
765 205.09109497070312
766 191.0729217529297
767 224.06495666503906
768 201.4302978515625
769 189.00015258789062
770 228.7415313720703
771 181.06796264648438
772 181.61822509765625
773 180.2099151611328
774 233.00875854492188
775 241.40521240234375
776 226.71929931640625
777 168.71929931640625
778 198.4579620361328
779 152.6102294921875
780 203.99404907226562
781 211.21218872070312
782 226.89230346679688
783 183.79354858398438
784 208.36663818359375
785 243.039306640625
786 233.36270141601562
787 162.64297485351562
788 227.52940368652344
789 202.66575622558594
790 248.67263793945312
791 242.03167724609375
792 135.7677764892578
793 148.62246704101562
794 234.50631713867188
795 176.31649780273438
796 228.802978515625
797 215.74159240722656
798 208.67233276367188
799 199.59718322753906
800 196.98385620117188
801 203.56936645507812
802 226.89202880859375
803 226.36817932128906
804 191.01043701171875
805 223.20985412597656
806 143.40745544433594
807 215.5880584716797
808 244.71563720703125
809 212.55067443847656
810 196.30154418945312
811 156.39828491210938
812 150.78463745117188
813 189.7069549560547
814 201.3623504638672
815 234.2171173095703
816 160.2669219970703
817 218.67486572265625
818 231.7982940673828
819 198.70335388183594
820 226.98106384277344
821 191.63229370117188
822 194.64566040039062
823 185.88034057617188
824 180.50230407714844
825 231.04090881347656
826 258.09210205078125
827 238.02879333496094
828 191.59634399414062
829 182.39999389648438
830 204.16775512695312
831 158.31396484375
832 207.01918029785156
833 169.43212890625
834 207.41201782226562
835 174.1384735107422
836 168.71922302246094
837 193.91665649414062
838 189.23056030273438
839 189.00340270996094
840 236.97061157226562
841 212.41331481933594
842 222.59127807617188
843 198.4358673095703
844 219.84356689453125
845 223.29075622558594
846 191.32554626464844
847 214.16934204101562
848 230.8692169189453
849 195.88436889648438
850 141.71945190429688
851 172.2478790283203
852 212.6825408935547
853 190.72463989257812
854 261.5106506347656
855 180.98036193847656
856 200.55648803710938
857 152.94729614257812
858 184.9028778076172
859 172.11898803710938
860 180.48753356933594
861 164.3394012451172
862 266.8036804199219
863 245.17970275878906
864 192.08642578125
865 184.32464599609375
866 215.0595024310179
867 190.51202392578125
868 211.34796142578125
869 214.20547485351562
870 220.93753051757812
871 200.93264770507812
872 185.06036376953125
873 243.1346435546875
874 226.38893127441406
875 229.1056671142578
876 202.76345825195312
877 203.62135314941406
878 263.3526611328125
879 215.5455606945634
880 224.9034881591797
881 260.3697509765625
882 162.25888061523438
883 193.81948852539062
884 224.84329223632812
885 219.11117553710938
886 221.19210815429688
887 187.60789489746094
888 206.03887939453125
889 156.64727783203125
890 177.65252685546875
891 164.99002075195312
892 211.73544311523438
893 228.7265625
894 205.72226803380227
895 160.15426635742188
896 223.7626953125
897 259.256591796875
898 146.281982421875
899 233.40780639648438
900 242.64254760742188
901 212.4170379638672
902 258.1355285644531
903 242.05194091796875
904 194.6114959716797
905 158.57803344726562
906 220.51071166992188
907 209.8534393310547
908 182.61351013183594
909 159.24473571777344
910 182.08877563476562
911 208.96324157714844
912 201.86508178710938
913 200.76333618164062
914 220.54710388183594
915 255.53265380859375
916 162.87261962890625
917 235.46751403808594
918 149.926513671875
919 209.6865692138672
920 194.88241577148438
921 157.015869140625
922 190.78057861328125
923 218.48046875
924 225.1635284423828
925 221.490966796875
926 194.26666259765625
927 209.76805114746094
928 177.364990234375
929 245.31240844726562
930 187.31207275390625
931 214.9820098876953
932 192.5762481689453
933 208.5858612060547
934 219.67010498046875
935 172.9837646484375
936 225.54293823242188
937 207.23980712890625
938 180.24017333984375
939 190.1410369873047
940 187.72433471679688
941 189.8231201171875
942 163.72125244140625
943 220.5496063232422
944 190.54660034179688
945 196.1414794921875
946 198.92662048339844
947 200.94049072265625
948 208.50489807128906
949 242.3504638671875
950 191.33663940429688
951 189.76895141601562
952 230.40866088867188
953 358.7674865722656
954 228.63705444335938
955 229.97555541992188
956 200.60049438476562
957 229.11734008789062
958 185.91036987304688
959 177.5174102783203
960 189.46946716308594
961 204.38922119140625
962 212.80435180664062
963 171.9326171875
964 212.04837036132812
965 146.7723388671875
966 231.71571350097656
967 170.54795837402344
968 217.13385009765625
969 247.07806396484375
970 234.9583282470703
971 216.85801696777344
972 236.9568634033203
973 180.15182495117188
974 211.06204223632812
975 224.39228054296552
976 181.3927001953125
977 221.14955139160156
978 203.53671264648438
979 223.54043579101562
980 217.11927795410156
981 181.35195922851562
982 183.5092010498047
983 254.62542724609375
984 231.28404235839844
985 203.84437561035156
986 145.6596221923828
987 210.95266723632812
988 245.1814422607422
989 220.83685302734375
990 135.51593017578125
991 233.2576446533203
992 250.61611938476562
993 196.75949096679688
994 152.4774169921875
995 191.46165466308594
996 246.52301025390625
997 189.20468139648438
998 212.8467559814453
999 228.2938232421875
1000 163.10110473632812
1001 207.8669891357422
1002 257.20513916015625
1003 208.89283752441406
1004 197.22866821289062
1005 193.16505432128906
1006 259.7132568359375
1007 182.22549438476562
1008 210.10504150390625
1009 168.50096130371094
1010 170.21063232421875
1011 229.480712890625
1012 228.736083984375
1013 238.42124938964844
1014 155.7959747314453
1015 225.48814392089844
1016 208.09230041503906
1017 195.08621215820312
1018 162.8083038330078
1019 194.49441528320312
1020 196.42002868652344
1021 198.85031127929688
1022 207.12307739257812
1023 194.0021514892578
1024 162.28997802734375
1025 214.78683471679688
1026 181.67156982421875
1027 226.7094268798828
1028 214.4342803955078
1029 191.38546752929688
1030 236.10621643066406
1031 194.4905548095703
1032 206.98695373535156
1033 172.89480590820312
1034 184.8634490966797
1035 206.6946258544922
1036 184.93023681640625
1037 233.79623413085938
1038 224.81097412109375
1039 196.80174255371094
1040 177.46902465820312
1041 212.0781707763672
1042 213.35324096679688
1043 208.3342742919922
1044 211.41714477539062
1045 202.256103515625
1046 222.35646057128906
1047 189.77410888671875
1048 235.72915649414062
1049 189.65396118164062
1050 151.25689697265625
1051 201.14620971679688
1052 259.974853515625
1053 182.61985778808594
1054 153.20703125
1055 223.72239685058594
1056 198.69815063476562
1057 192.5839385986328
1058 195.34365844726562
1059 197.04905700683594
1060 210.40185546875
1061 197.38418579101562
1062 211.0101318359375
1063 267.74310302734375
1064 204.63104248046875
1065 179.313720703125
1066 184.25730895996094
1067 240.53274536132812
1068 276.62255859375
1069 232.18130493164062
1070 239.26458740234375
1071 166.10470581054688
1072 168.9921417236328
1073 179.3193359375
1074 224.52139282226562
1075 245.6593017578125
1076 212.98065185546875
1077 177.78956604003906
1078 198.49842834472656
1079 232.90383911132812
1080 129.20025634765625
1081 203.38311767578125
1082 205.87908935546875
1083 247.59280395507812
1084 242.29774475097656
1085 271.61822509765625
1086 171.21377563476562
1087 208.97882080078125
1088 221.2833709716797
1089 177.698974609375
1090 231.69357299804688
1091 256.9764099121094
1092 234.5909423828125
1093 194.37242126464844
1094 189.26502990722656
1095 163.4501190185547
1096 207.8050537109375
1097 236.76119995117188
1098 165.3012237548828
1099 172.04782104492188
1100 240.26126098632812
1101 257.050537109375
1102 233.97840881347656
1103 198.17034912109375
1104 214.0347900390625
1105 214.59585571289062
1106 206.37994384765625
1107 168.6645965576172
1108 234.51673889160156
1109 185.53050231933594
1110 233.94747924804688
1111 264.5362854003906
1112 229.4215087890625
1113 209.13414001464844
1114 206.8141326904297
1115 199.2288055419922
1116 212.57667541503906
1117 232.35498046875
1118 203.44143676757812
1119 233.17311096191406
1120 220.9344482421875
1121 214.93006896972656
1122 233.43362426757812
1123 199.41531372070312
1124 205.04071044921875
1125 160.21865844726562
1126 167.0356903076172
1127 200.18939208984375
1128 261.13580322265625
1129 190.9613037109375
1130 213.33346557617188
1131 182.80368041992188
1132 191.9899139404297
1133 175.67617797851562
1134 215.6640625
1135 208.25833129882812
1136 199.73153686523438
1137 204.7091827392578
1138 197.71409606933594
1139 231.13687133789062
1140 238.12246704101562
1141 245.95614624023438
1142 249.117919921875
1143 175.9472198486328
1144 186.61080932617188
1145 226.1979522705078
1146 186.16775512695312
1147 201.9847412109375
1148 181.03733825683594
1149 182.50413513183594
1150 206.64878845214844
1151 147.6552276611328
1152 236.9519500732422
1153 223.4519805908203
1154 134.98304748535156
1155 176.15869140625
1156 173.4434356689453
1157 182.99827575683594
1158 183.1927490234375
1159 185.40774536132812
1160 171.09841918945312
1161 209.98822021484375
1162 199.56451416015625
1163 228.21731567382812
1164 185.7552490234375
1165 155.55886840820312
1166 225.36456298828125
1167 168.9672088623047
1168 200.7311553955078
1169 236.82476806640625
1170 224.80731201171875
1171 223.84548950195312
1172 197.06700134277344
1173 258.3721008300781
1174 178.59890747070312
1175 196.00485229492188
1176 247.25607299804688
1177 212.60621643066406
1178 229.6014404296875
1179 198.2405548095703
1180 164.09921264648438
1181 287.82568359375
1182 260.8995666503906
1183 191.0205841064453
1184 185.93568420410156
1185 235.65181354457434
1186 201.8242645263672
1187 158.11611938476562
1188 233.15316772460938
1189 227.97774569999598
1190 195.00059509277344
1191 232.6580352783203
1192 263.1058044433594
1193 209.2561798095703
1194 171.8805389404297
1195 178.55108642578125
1196 185.78323364257812
1197 207.22451782226562
1198 201.5098876953125
1199 197.63656616210938
1200 166.20913696289062
1201 230.2137451171875
1202 176.88815307617188
1203 175.6588897705078
1204 231.6920623779297
1205 185.87570190429688
1206 193.41079711914062
1207 199.28115844726562
1208 198.67713928222656
1209 200.30540466308594
1210 189.09837341308594
1211 174.7825927734375
1212 224.15826416015625
1213 227.84979248046875
1214 152.85421752929688
1215 185.80078125
1216 212.20584106445312
1217 189.26332092285156
1218 229.0865020751953
1219 215.4931640625
1220 189.99964904785156
1221 225.0335693359375
1222 214.1549530029297
1223 174.83963012695312
1224 192.49005126953125
1225 191.6310577392578
1226 247.38539123535156
1227 264.8503723144531
1228 223.67691040039062
1229 201.9626922607422
1230 195.8651123046875
1231 250.71627807617188
1232 197.38568115234375
1233 203.1652069091797
1234 260.383544921875
1235 197.2124786376953
1236 192.8101043701172
1237 233.94046020507812
1238 201.40994262695312
1239 161.03196716308594
1240 188.66180419921875
1241 212.43804931640625
1242 171.68316650390625
1243 234.2302703857422
1244 188.43350219726562
1245 180.972900390625
1246 191.8606414794922
1247 219.6737518310547
1248 182.958740234375
1249 215.67684936523438
1250 231.96778869628906
1251 207.4034423828125
1252 183.4217529296875
1253 222.2683563232422
1254 195.87844848632812
1255 184.8479461669922
1256 172.80645751953125
1257 236.0682373046875
1258 210.5378875732422
1259 235.65773010253906
1260 258.20037841796875
1261 185.12168884277344
1262 217.52565002441406
1263 212.21475219726562
1264 223.44528198242188
1265 211.17526245117188
1266 183.51455688476562
1267 192.374267578125
1268 187.13729858398438
1269 210.38092041015625
1270 263.2806091308594
1271 169.11767578125
1272 223.98947143554688
1273 178.1095733642578
1274 226.38600158691406
1275 219.25949096679688
1276 242.96087646484375
1277 194.07537841796875
1278 158.7079620361328
1279 221.17514038085938
1280 176.74526977539062
1281 251.94126892089844
1282 228.29998779296875
1283 205.7211151123047
1284 144.78262329101562
1285 162.8236083984375
1286 226.5189208984375
1287 219.3743896484375
1288 241.05469244350007
1289 186.5816192626953
1290 209.32965087890625
1291 205.49142456054688
1292 226.53268432617188
1293 228.74232482910156
1294 228.3466339111328
1295 177.798583984375
1296 252.29718017578125
1297 167.37571716308594
1298 193.4931640625
1299 236.33517456054688
1300 137.1405487060547
1301 247.91757202148438
1302 207.5933837890625
1303 208.67376708984375
1304 215.27073669433594
1305 192.47242736816406
1306 162.63571166992188
1307 222.37680053710938
1308 253.35162353515625
1309 254.5494384765625
1310 189.44363403320312
1311 174.09170532226562
1312 200.36032104492188
1313 182.04454040527344
1314 208.64816284179688
1315 235.61878967285156
1316 219.34323120117188
1317 189.46728515625
1318 197.9950714111328
1319 198.55294799804688
1320 190.03065490722656
1321 160.94003295898438
1322 245.48379516601562
1323 218.60989379882812
1324 207.42733764648438
1325 239.44741821289062
1326 196.0439453125
1327 177.68585205078125
1328 201.47535705566406
1329 193.7347869873047
1330 198.6679229736328
1331 174.10256958007812
1332 185.57669067382812
1333 247.60797119140625
1334 224.24647521972656
1335 241.0967254638672
1336 185.57769775390625
1337 281.351318359375
1338 208.7257080078125
1339 173.05982971191406
1340 189.7750244140625
1341 184.30914306640625
1342 216.64369201660156
1343 223.12884933119852
1344 235.26629638671875
1345 197.49932861328125
1346 189.60604858398438
1347 216.75013732910156
1348 211.75949096679688
1349 218.6911163330078
1350 186.29721069335938
1351 168.1873321533203
1352 181.66883850097656
1353 245.1772003173828
1354 206.3478240966797
1355 209.3631591796875
1356 205.570556640625
1357 185.1874237060547
1358 211.9008331298828
1359 229.7470245361328
1360 249.67428588867188
1361 190.29452514648438
1362 241.2884521484375
1363 230.87710571289062
1364 213.6804656982422
1365 223.6177978515625
1366 258.0466003417969
1367 212.79054260253906
1368 198.45590209960938
1369 202.75209045410156
1370 188.7149200439453
1371 240.8052215576172
1372 203.75254821777344
1373 202.3404083251953
1374 234.07330322265625
1375 149.35423278808594
1376 193.2779541015625
1377 193.954833984375
1378 207.7891845703125
1379 239.05319213867188
1380 278.8748474121094
1381 217.68130493164062
1382 216.2339630126953
1383 217.94393920898438
1384 244.9298095703125
1385 193.2234649658203
1386 200.169677734375
1387 184.28773498535156
1388 180.5830841064453
1389 210.86221313476562
1390 264.1717529296875
1391 268.19525146484375
1392 159.3829345703125
1393 202.7021484375
1394 213.2327880859375
1395 195.6582489013672
1396 173.32974243164062
1397 194.8654022216797
1398 190.62942504882812
1399 206.6728515625
1400 198.92459106445312
1401 195.18495178222656
1402 134.7234344482422
1403 154.0967559814453
1404 225.97134399414062
1405 195.7885284423828
1406 212.53567504882812
1407 226.57496643066406
1408 167.49710083007812
1409 189.5822296142578
1410 160.8101806640625
1411 271.547607421875
1412 231.7978973388672
1413 183.15792846679688
1414 191.19081115722656
1415 204.61572265625
1416 180.02206420898438
1417 226.85073852539062
1418 202.47314453125
1419 169.3160858154297
1420 221.10888671875
1421 186.96400451660156
1422 214.0581512451172
1423 204.41146850585938
1424 181.55735778808594
1425 228.7908935546875
1426 196.39779663085938
1427 240.02508544921875
1428 202.981201171875
1429 207.21534729003906
1430 188.14822387695312
1431 182.93099975585938
1432 218.16793823242188
1433 229.21534729003906
1434 254.586181640625
1435 230.20237731933594
1436 201.80142211914062
1437 222.7535400390625
1438 212.02232360839844
1439 199.539794921875
1440 216.8894805908203
1441 190.48658752441406
1442 178.9359130859375
1443 196.33169555664062
1444 194.67205810546875
1445 222.68948364257812
1446 227.36428833007812
1447 203.70289611816406
1448 198.34381103515625
1449 166.53411865234375
1450 216.02883911132812
1451 197.8531036376953
1452 217.3853759765625
1453 236.34864807128906
1454 176.45700073242188
1455 171.55458068847656
1456 205.75856018066406
1457 206.92298889160156
1458 208.89300537109375
1459 188.03533935546875
1460 235.85836791992188
1461 178.41058349609375
1462 168.0508270263672
1463 203.78741455078125
1464 203.7455596923828
1465 181.50782775878906
1466 239.5870361328125
1467 197.54263305664062
1468 161.85562133789062
1469 214.31063842773438
1470 187.42637634277344
1471 218.81765747070312
1472 209.0692901611328
1473 249.37316493199125
1474 242.12948608398438
1475 241.02401733398438
1476 212.8071746826172
1477 255.43258666992188
1478 186.77645874023438
1479 213.45816040039062
1480 211.04104614257812
1481 237.19593811035156
1482 156.57284545898438
1483 219.9879913330078
1484 178.3130645751953
1485 236.28628540039062
1486 204.47640991210938
1487 190.38613891601562
1488 215.62413024902344
1489 216.24575805664062
1490 170.4452362060547
1491 188.94760131835938
1492 192.9627227783203
1493 179.27784729003906
1494 187.356201171875
1495 205.4850616455078
1496 180.3492431640625
1497 188.92738342285156
1498 218.68081665039062
1499 156.4869842529297
1500 184.64569091796875
1501 165.97869873046875
1502 143.53770446777344
1503 193.14430236816406
1504 224.17306518554688
1505 245.9302215576172
1506 245.84066772460938
1507 144.43536376953125
1508 182.44052124023438
1509 206.54568481445312
1510 214.7902374267578
1511 217.47421264648438
1512 220.64578247070312
1513 225.69850158691406
1514 186.71463012695312
1515 230.06268310546875
1516 151.09371948242188
1517 223.39816284179688
1518 187.21027781465287
1519 176.17431640625
1520 227.07476806640625
1521 236.12051391601562
1522 191.76858520507812
1523 192.86306762695312
1524 236.52447509765625
1525 196.473876953125
1526 233.92079162597656
1527 197.14102172851562
1528 235.96273803710938
1529 249.62179565429688
1530 155.53451538085938
1531 217.6326904296875
1532 209.1281280517578
1533 214.02857971191406
1534 177.72378540039062
1535 203.7722930908203
1536 227.51434326171875
1537 167.69342041015625
1538 222.3348388671875
1539 541.2807006835938
1540 236.7924346923828
1541 183.88540649414062
1542 181.5254669189453
1543 164.52398681640625
1544 209.208740234375
1545 224.66854858398438
1546 207.6916046142578
1547 245.94793701171875
1548 202.54522705078125
1549 235.41270446777344
1550 215.47872924804688
1551 221.4951171875
1552 192.21234130859375
1553 176.5838623046875
1554 188.0982666015625
1555 172.62664794921875
1556 203.2640380859375
1557 211.3292999267578
1558 200.16180419921875
1559 228.91758728027344
1560 182.39366149902344
1561 212.37232971191406
1562 189.2703857421875
1563 173.50927734375
1564 245.11935424804688
1565 212.97714233398438
1566 209.3681640625
1567 207.81423950195312
1568 202.69332885742188
1569 184.6976318359375
1570 216.73336791992188
1571 245.91757202148438
1572 224.0663604736328
1573 217.2253875732422
1574 230.1654510498047
1575 216.5753631591797
1576 239.12852478027344
1577 225.6566925048828
1578 210.3518829345703
1579 183.77197265625
1580 167.42477416992188
1581 218.31634521484375
1582 229.5685577392578
1583 181.45509338378906
1584 243.396484375
1585 208.39962768554688
1586 212.5635986328125
1587 187.7539825439453
1588 166.2512664794922
1589 213.4979705810547
1590 183.50277709960938
1591 209.70379638671875
1592 228.59117126464844
1593 175.81825256347656
1594 222.88656616210938
1595 167.15525817871094
1596 198.30905151367188
1597 153.2177734375
1598 222.16416931152344
1599 255.94705200195312
1600 205.14987182617188
1601 244.52243041992188
1602 198.24221801757812
1603 176.1256866455078
1604 273.220947265625
1605 276.20391845703125
1606 223.6534423828125
1607 204.6542205810547
1608 228.0242156982422
1609 219.6557159423828
1610 182.54444885253906
1611 206.49342346191406
1612 186.79873657226562
1613 163.7165985107422
1614 198.351318359375
1615 254.19935607910156
1616 229.23532104492188
1617 190.967041015625
1618 177.5612030029297
1619 196.95941162109375
1620 222.2496337890625
1621 206.61349487304688
1622 216.432373046875
1623 191.1815185546875
1624 166.17059326171875
1625 212.33066268282278
1626 207.17306518554688
1627 202.78700256347656
1628 240.05320739746094
1629 208.54298400878906
1630 219.75181579589844
1631 198.9071044921875
1632 167.220947265625
1633 182.2373046875
1634 232.10870361328125
1635 194.718994140625
1636 183.2584686279297
1637 200.66827392578125
1638 220.76756286621094
1639 172.22772216796875
1640 237.41851806640625
1641 211.65701293945312
1642 228.43594360351562
1643 168.54522705078125
1644 224.25225830078125
1645 194.13720703125
1646 196.274169921875
1647 193.1512451171875
1648 194.73104858398438
1649 226.71002197265625
1650 169.4587860107422
1651 157.73475646972656
1652 230.95237731933594
1653 186.2307891845703
1654 212.14593505859375
1655 207.2646942138672
1656 178.3887176513672
1657 220.88461303710938
1658 187.67599487304688
1659 209.99461364746094
1660 171.41163635253906
1661 205.13995361328125
1662 236.970152572735
1663 290.24951171875
1664 188.80787658691406
1665 152.56729125976562
1666 234.52005004882812
1667 244.65936279296875
1668 185.518798828125
1669 207.76174926757812
1670 210.8394775390625
1671 246.78570556640625
1672 160.33912658691406
1673 192.99461364746094
1674 179.53306579589844
1675 198.4173583984375
1676 230.6634458227283
1677 224.07232666015625
1678 187.4730682373047
1679 206.30307006835938
1680 207.53329467773438
1681 196.180419921875
1682 179.8094482421875
1683 199.98593139648438
1684 161.3002166748047
1685 210.20977783203125
1686 221.50582885742188
1687 203.80628967285156
1688 199.9842987060547
1689 172.33181762695312
1690 197.2646942138672
1691 178.89031982421875
1692 182.59530639648438
1693 320.0834655761719
1694 203.9893035888672
1695 243.95709228515625
1696 231.42971801757812
1697 186.4921875
1698 193.98312377929688
1699 174.96554565429688
1700 220.16043090820312
1701 174.88983154296875
1702 194.1000213623047
1703 181.95477294921875
1704 212.5801544189453
1705 188.33592224121094
1706 153.34109497070312
1707 194.97537231445312
1708 189.0767822265625
1709 236.816162109375
1710 202.39871215820312
1711 138.1230926513672
1712 234.36376425428455
1713 186.98944091796875
1714 236.92710876464844
1715 179.5356903076172
1716 241.3934326171875
1717 183.7969970703125
1718 266.9741516113281
1719 232.98867797851562
1720 251.6078338623047
1721 241.22421264648438
1722 212.2957763671875
1723 147.68612670898438
1724 220.02728271484375
1725 221.46998596191406
1726 175.44882202148438
1727 198.32769775390625
1728 194.49652099609375
1729 201.70034790039062
1730 222.20529174804688
1731 170.74981689453125
1732 204.22869873046875
1733 199.0268096923828
1734 212.05320739746094
1735 220.67799377441406
1736 227.4759063720703
1737 181.5695037841797
1738 186.3520965576172
1739 210.70611572265625
1740 170.8308563232422
1741 203.31292724609375
1742 234.40936279296875
1743 199.1358184814453
1744 234.01425170898438
1745 186.55029296875
1746 156.41954040527344
1747 173.84927368164062
1748 180.4630584716797
1749 182.72178649902344
1750 169.26499938964844
1751 259.59405517578125
1752 219.3924102783203
1753 192.9935302734375
1754 207.07904052734375
1755 210.88565063476562
1756 219.81777954101562
1757 222.00582885742188
1758 221.41571044921875
1759 164.02357482910156
1760 219.939453125
1761 226.07681274414062
1762 220.35523986816406
1763 180.8689727783203
1764 177.74720764160156
1765 169.71371459960938
1766 236.28509521484375
1767 190.34341430664062
1768 197.37010192871094
1769 223.76380920410156
1770 225.45497131347656
1771 212.53271484375
1772 239.0180206298828
1773 240.6424560546875
1774 217.975341796875
1775 254.45472717285156
1776 193.3646697998047
1777 240.30653381347656
1778 211.8506317138672
1779 184.68392944335938
1780 201.01223754882812
1781 252.34194946289062
1782 225.3828125
1783 200.4501953125
1784 212.79576110839844
1785 257.04937744140625
1786 171.51771545410156
1787 178.91119384765625
1788 213.14669799804688
1789 172.94253540039062
1790 185.74026489257812
1791 182.4449462890625
1792 202.2677459716797
1793 188.65097045898438
1794 167.42733764648438
1795 207.36932373046875
1796 186.94894409179688
1797 237.519287109375
1798 204.02313232421875
1799 222.8765869140625
1800 184.36312121830554
1801 228.22122192382812
1802 162.8018035888672
1803 206.31622314453125
1804 239.09190368652344
1805 153.8444366455078
1806 154.76760864257812
1807 196.48544311523438
1808 192.73565673828125
1809 146.54330444335938
1810 187.00196838378906
1811 192.35275268554688
1812 242.91256713867188
1813 182.22145080566406
1814 261.32470703125
1815 178.22088623046875
1816 191.45310974121094
1817 203.47621154785156
1818 261.8601379394531
1819 144.0308380126953
1820 274.27630615234375
1821 168.36346435546875
1822 200.55056762695312
1823 219.0087432861328
1824 196.37916564941406
1825 244.40289306640625
1826 193.96597290039062
1827 177.10226440429688
1828 209.33828735351562
1829 201.9501495361328
1830 168.46629333496094
1831 210.7215118408203
1832 218.99517822265625
1833 183.38729858398438
1834 161.84500122070312
1835 134.9202117919922
1836 233.3694610595703
1837 236.64039611816406
1838 174.2436981201172
1839 177.40701293945312
1840 200.43869018554688
1841 214.60513305664062
1842 257.61956787109375
1843 182.1715545654297
1844 202.72232055664062
1845 242.90878295898438
1846 177.21180725097656
1847 197.41212463378906
1848 212.59555053710938
1849 207.5133819580078
1850 188.58029174804688
1851 195.64398193359375
1852 206.54322814941406
1853 155.60133361816406
1854 209.6248321533203
1855 196.70852661132812
1856 201.84762573242188
1857 195.62893676757812
1858 202.79043579101562
1859 190.08334350585938
1860 166.99432373046875
1861 181.52169799804688
1862 259.55316162109375
1863 171.5498809814453
1864 178.03561401367188
1865 193.0303192138672
1866 184.1195831298828
1867 202.13673400878906
1868 220.21453857421875
1869 191.3740234375
1870 180.1674346923828
1871 225.70782470703125
1872 180.02471923828125
1873 141.25167846679688
1874 256.4916687011719
1875 214.95706176757812
1876 185.90264892578125
1877 224.59268188476562
1878 235.9302978515625
1879 175.97238159179688
1880 223.61019897460938
1881 192.46701049804688
1882 182.94325256347656
1883 216.63003540039062
1884 203.80059814453125
1885 238.36428833007812
1886 259.8803405761719
1887 172.8470458984375
1888 186.5320587158203
1889 196.366943359375
