0 200.87543741861978
1 188.29684448242188
2 193.40511067708334
3 205.64642333984375
4 222.42346700032553
5 214.41213989257812
6 217.61138287209545
7 169.2948252360026
8 248.72020083450582
9 197.55482482910156
10 205.7451629638672
11 184.58016459147134
12 220.77808125813803
14 279.1173807779948
15 201.66387499972646
17 189.42430623372397
18 171.58908081054688
19 236.3013661702474
20 199.3876953125
21 199.6706085205078
22 214.61018880208334
23 163.96918741861978
24 178.75379943847656
25 220.41180928548178
26 208.8877410888672
27 189.99722290039062
28 226.45495096842447
29 164.23860677083334
30 233.67252604166666
32 265.93471272786456
34 232.1634724934896
35 195.94311014811197
36 204.24480183919272
37 211.38321431477866
38 209.3246103922526
39 191.50607299804688
40 184.38897705078125
41 177.0694122314453
42 183.66087341308594
43 195.1217803955078
44 255.10145568847656
45 233.62759908040366
46 204.68224080403647
48 245.62862650553384
50 270.0597432454427
52 214.49520365397134
53 169.82449340820312
54 200.91495259602866
55 221.07158915201822
56 213.14545694986978
57 241.99256896972656
58 256.16101688774955
59 209.9580841064453
60 201.8764902750651
61 242.49449666341147
62 186.20719401041666
63 222.9964803059896
64 244.98661295572916
65 256.18372762862583
66 212.2534942626953
67 245.63316345214844
68 200.5609893798828
69 255.51932779947916
70 207.6557820638021
71 199.79339090983072
72 215.7812042236328
73 249.43777465820312
74 215.06845092773438
75 210.66861979166666
76 217.97634887695312
77 189.10960388183594
78 199.93672688802084
79 256.65268471663023
80 270.3426005045573
81 229.83771769205728
82 198.6516367594401
84 208.72598775227866
85 252.09036763509116
86 237.52819315592447
87 225.306640625
88 212.4610595703125
89 209.56485493977866
90 236.83972676595053
91 214.9803466796875
92 177.2651112874349
93 206.3631388346354
94 221.3654022216797
96 218.18531290690103
97 201.2944590250651
98 277.7543131510417
99 187.63977559407553
100 225.36880493164062
101 173.42922973632812
102 212.55370585123697
103 177.3041229248047
104 259.87747321927094
105 239.88359578450522
106 196.41840108235678
107 222.7552235921224
108 176.74456787109375
110 177.9293670654297
111 223.0073038736979
112 244.46882120768228
113 254.261525554001
114 194.15436299641928
115 204.3709716796875
116 321.6677652994792
117 250.27325948079428
118 225.91227213541666
119 211.5762736002604
120 141.54774475097656
121 213.73355102539062
122 199.19022115071616
123 231.9658203125
124 210.77051798502603
125 220.27098083496094
127 216.93479304532616
128 188.74832153320312
129 231.46041361490884
130 211.0097910563151
131 185.78380839029947
132 208.9842987060547
133 202.65013631184897
134 194.66966247558594
135 205.388671875
136 218.9425811767578
137 198.66909790039062
139 210.8742421468099
140 245.54620869954428
141 213.7856903076172
142 228.9391326904297
143 251.08806355794272
144 271.7706807454427
146 190.44466654459634
147 194.42952473958334
148 227.6149444580078
149 195.75488789876303
150 222.63007100423178
151 241.64386494954428
152 203.4294637044271
153 197.58269755045572
154 235.6435292561849
155 222.34127298990884
156 253.22938028971353
157 191.82249959309897
158 239.61141967773438
159 200.16301981608072
160 212.27999369303384
161 182.59918721516928
162 229.6265106201172
163 208.56983947753906
164 219.1020142673469
165 181.34219868977866
166 187.69395955403647
167 183.42098999023438
168 167.41317240397134
169 198.84151204427084
170 233.49750773111978
171 168.54159545898438
172 240.41974385579428
173 231.20127868652344
174 185.45415751139322
175 177.56342061360678
176 182.16412353515625
177 215.04737854003906
178 240.32953898111978
179 254.19771830240884
180 173.52304077148438
182 222.39854431152344
183 152.0996551513672
184 246.03724161783853
185 240.6867218017578
186 207.91706339518228
187 213.58350118001303
188 234.35904439290366
189 191.5873565673828
190 195.5344696044922
191 183.60331217447916
192 228.60297139485678
193 222.5952606201172
194 212.70259602864584
195 173.21761576334634
196 214.08177693684897
197 230.53838602701822
198 258.08175418115167
199 220.24711100260416
200 233.61566162109375
201 180.9998016357422
202 188.30089823404947
203 214.40108235677084
204 226.31869506835938
205 239.9597422281901
206 193.16822306315103
207 212.57622782389322
208 175.5502471923828
209 232.36436462402344
210 250.29249572753906
211 143.72998046875
212 164.77279663085938
213 247.15794372558594
214 241.5636240641276
215 196.84856669108072
216 213.30458068847656
217 231.31856791178384
218 215.83318583170572
220 202.28103637695312
221 241.46839904785156
222 208.57451883951822
223 207.95783487955728
224 173.85033671061197
225 217.8837432861328
226 185.06619771321616
227 238.71201863522006
228 276.07167561848956
229 148.60119120279947
230 254.77218119303384
231 197.20630900065103
232 202.52977498372397
233 207.8291015625
234 178.7613321940104
235 186.63055928548178
237 247.02216593424478
238 199.8482462565104
239 174.57235387016036
240 157.8768310546875
241 230.1555379231771
242 206.90557352701822
243 229.75372823079428
244 166.5867156982422
245 209.71710713704428
246 201.6439412434896
247 234.7354278564453
248 229.47436014811197
249 209.35993416153454
250 198.66549173990884
251 193.08902486165366
252 202.2819061279297
253 205.92015075683594
254 179.66365559895834
255 209.50108337402344
256 196.2501475016276
258 225.82872517903647
259 230.4278564453125
260 272.66697184244794
261 188.04546610514322
262 249.70221964518228
263 214.49842834472656
264 232.81301628305314
265 232.14720662434897
266 227.42876180013022
267 171.44661458333334
268 214.96978251139322
269 228.5789591471354
270 194.21045939127603
271 242.12662760416666
272 184.44676717122397
273 222.35685221354166
274 212.88705444335938
275 212.87818400065103
276 216.12687174479166
277 240.12423706054688
278 182.98377482096353
279 201.42662048339844
280 241.29142252604166
281 258.7520446777344
282 213.61881001790366
284 209.39716084798178
285 209.21521504720053
286 228.75192600725384
287 203.35047912597656
288 196.56298319498697
289 234.24791971842447
290 223.7019297281901
291 202.37101236979166
292 224.49007161458334
293 182.45394897460938
294 225.11040751139322
295 210.64331563313803
296 223.2022705078125
297 225.39301045735678
298 192.2469024658203
299 212.2912394205729
300 270.90784708658856
302 187.39105224609375
303 200.5665740966797
304 197.21456400553384
305 245.29747009277344
306 194.89289002512783
307 250.63851420084634
308 208.02459208170572
309 196.99846903483072
310 240.6634318033854
311 218.10176595052084
312 223.70266723632812
313 240.23595776119305
314 247.75744120279947
315 200.53530883789062
316 259.6636505126953
317 186.4686279296875
318 216.9661661783854
319 237.39720662434897
320 213.63023885091147
322 228.14688110351562
323 203.5361124674479
324 166.46236673990884
325 245.14095052083334
326 165.67308044433594
327 213.8516642252604
328 210.2391560872396
329 199.5136922200521
330 224.26935831705728
332 182.18172709147134
333 222.11223347981772
334 208.48723856608072
336 202.5897420247396
337 189.89453633626303
338 211.82535298665366
339 199.50352986653647
340 203.92146809895834
341 230.26177469889322
342 214.02198282877603
343 213.77376302083334
344 197.28742472330728
345 191.53058878580728
346 239.90569559733072
347 213.57592264811197
348 208.2731170654297
350 224.30300903320312
351 173.39242553710938
352 249.2361602783203
353 160.83831787109375
354 207.8707529703776
355 173.79620869954428
356 195.43108622233072
357 267.7570088704427
358 231.93728637695312
359 190.00126139322916
360 203.1001180013021
361 191.5599822998047
362 213.81582641601562
363 177.94864400227866
364 175.86322021484375
365 222.27356974283853
366 186.4991658528646
367 236.554931640625
368 240.0521697998047
369 193.0788319905599
370 183.03584798177084
371 223.7855987548828
373 177.31935119628906
374 206.34458923339844
375 234.04635620117188
376 206.77477010091147
378 236.71929423014322
379 234.5869394938151
380 203.55961100260416
381 194.70209248860678
382 195.98770650227866
383 228.09989420572916
384 185.36327616373697
385 273.1419677734375
386 200.18781026204428
387 232.9583798024956
388 222.23803202311197
389 219.90227762858072
390 242.04325358072916
391 205.1041005452474
392 175.81171671549478
393 195.15234375
394 212.99050903320312
395 209.10655212402344
396 222.5366668701172
397 224.45215352376303
398 222.87711079915366
399 250.52061971028647
400 241.16000366210938
401 163.8280792236328
402 246.4292326263026
403 240.45328776041666
404 201.38594563802084
405 188.60196940104166
406 183.21319580078125
407 222.486368325188
408 195.0894775390625
409 243.03252665201822
410 189.17203776041666
411 150.00404357910156
412 227.90215047200522
413 196.39014180501303
414 246.8639170328776
415 188.0867156982422
416 261.490234375
417 183.25506083170572
418 209.85731506347656
419 243.9381103515625
420 212.1959228515625
421 186.75000508626303
422 177.15785217285156
423 230.8227335611979
424 212.52589416503906
425 173.91706339518228
426 195.34479777018228
427 237.5028839111328
428 182.17849731445312
429 237.4593760172526
430 206.97163899739584
431 225.43829854329428
432 248.4083455403646
433 200.68937174479166
435 164.0650838216146
436 201.71515909830728
437 209.33133443196616
438 255.87224833170572
439 230.10051253873507
440 235.7507781982422
441 255.49732971191406
442 200.1344248453776
443 204.4165802001953
444 183.82096354166666
445 218.82256571451822
446 176.51848856608072
447 183.84884643554688
448 208.65758260091147
449 205.1128387451172
450 206.33220926920572
451 234.27810668945312
452 177.06030782063803
453 229.42102067688612
454 274.28290860816765
455 177.2182362874349
457 233.74731953938803
458 213.68914286295572
459 222.54010518391928
460 183.76908365885416
461 220.29412333170572
462 250.07262166341147
463 207.2197723388672
465 220.20691935221353
466 246.78287760416666
467 229.41184997558594
468 226.0323486328125
469 257.7393002514669
470 200.7238972981771
471 230.78782653808594
472 209.73868815104166
473 221.81200663248697
474 245.94850158691406
475 232.35515340169272
476 207.57843526204428
477 208.20612589518228
478 246.81563822428384
479 188.9463907877604
480 185.08783976236978
481 187.60482279459634
482 230.01377868652344
483 230.0647735595703
484 220.74805704752603
485 172.4668986002604
486 244.9040069580078
487 218.81765747070312
488 178.59391276041666
489 175.88923136393228
490 224.26556905110678
491 198.0308380126953
493 169.95962524414062
494 204.50731404622397
495 253.48646036783853
496 243.13063049316406
497 221.5796152750651
498 185.80287170410156
499 207.01697285970053
500 202.5405019124349
503 279.04969278971356
504 206.1495819091797
505 167.37705993652344
506 199.053955078125
507 206.26280212402344
508 232.52802911799162
509 190.8109588623047
510 211.9687042236328
511 182.20205688476562
512 192.59833272298178
513 194.17345174153647
514 209.03697911891868
515 248.93051147460938
516 223.74770196647845
517 184.09063212076822
518 194.89351399739584
519 198.90680948893228
520 219.5907808574414
521 195.66061401367188
522 215.3587646484375
523 190.95053100585938
524 216.12413024902344
525 235.34371948242188
526 215.82195536295572
528 213.91110229492188
529 181.0654042561849
531 195.82622782389322
532 185.6856486002604
533 174.75203959147134
534 236.86295572916666
535 172.05779989808886
536 150.2228749593099
537 208.88751729329428
538 183.37208048502603
539 247.69430541992188
540 254.07489522298178
541 231.1370391845703
542 205.51849365234375
543 214.3215128580729
544 217.64808146158853
545 187.87881978352866
546 211.57238260904947
547 227.19597371419272
548 235.1214345296224
549 232.49251302083334
550 226.65770975748697
551 205.55412801106772
552 202.3281707763672
553 204.14248657226562
554 205.27852376302084
555 183.05909729003906
556 191.51565551757812
557 261.0867115874606
558 209.5589396158854
559 232.96735464205918
561 244.9954579671224
562 221.05453491210938
563 217.99261474609375
564 202.47122192382812
565 187.13302103678384
566 215.15042622884116
567 234.62667846679688
568 248.73023986816406
569 190.66464233398438
570 205.29356892903647
571 221.83392333984375
572 190.03053283691406
573 157.8127187093099
574 205.9699249267578
575 159.66317749023438
576 230.6739705403646
577 242.1663055419922
578 187.26299540201822
579 189.26163228352866
580 205.21705627441406
581 203.21229553222656
582 221.25548299153647
583 232.200439453125
584 219.77767944335938
585 195.3409220377604
586 188.88726806640625
587 206.77693684895834
588 234.87604777018228
589 221.84124755859375
590 230.2644297281901
591 201.5369110107422
592 179.19095357259116
593 229.15198262532553
594 183.40535481770834
595 249.71127319335938
596 186.99368286132812
597 201.47966512044272
599 175.43226114908853
600 235.98358662923178
602 279.16977945963544
603 229.6320546468099
604 205.67740376790366
605 232.04546610514322
606 203.31241353352866
607 244.38487915490157
608 191.59884134928384
609 234.0634562174479
610 209.82457987467447
611 213.7200164794922
612 209.93460083007812
613 209.96202596028647
614 226.93943786621094
615 261.36817423502606
616 215.16214497884116
617 189.31368231598762
618 235.3886922200521
619 226.00044759114584
620 226.97329711914062
621 185.37290954589844
622 221.02784220377603
623 210.50496419270834
624 198.6197713216146
625 202.23113505045572
626 207.03719584147134
627 252.49150625652018
628 184.56006368001303
629 231.24927775065103
630 217.33088175455728
631 179.8081512451172
632 199.24742126464844
633 242.34607950846353
634 170.4451141357422
635 212.20679219563803
637 232.67071533203125
638 212.4590301513672
639 242.40689595540366
640 197.87721252441406
641 252.90977478027344
642 231.16624959309897
643 220.92097981770834
644 183.7425791422526
645 169.77274068196616
646 186.3667755126953
647 233.31906127929688
648 269.8814697265625
649 233.4049835205078
650 169.42022705078125
651 204.81122334798178
652 208.42696058480996
653 196.72272745768228
655 194.1568603515625
656 210.98296610514322
657 244.48245239257812
658 221.94088236490884
659 239.93033854166666
660 202.9468790690104
661 207.37055460611978
662 204.58028666178384
663 263.95140584309894
664 203.21232096354166
665 202.63972981770834
666 207.1603800455729
667 168.93923950195312
668 210.74369303385416
669 171.11012268066406
670 200.26435343424478
671 229.00977579752603
672 215.97916158040366
673 223.82839965820312
674 193.65950520833334
675 215.93600463867188
676 195.76492818196616
677 210.49705505371094
678 196.8461659749349
679 145.0685831705729
680 236.70770263671875
681 209.0218302408854
682 185.46328735351562
684 188.23104349772134
685 197.02767435709634
686 263.2990315755208
687 196.11279296875
688 240.0830332438151
689 219.75980631510416
690 183.88968912760416
691 230.7535603841146
692 247.94688924153647
693 208.36455790201822
694 168.42266845703125
695 252.25918579101562
696 169.62896728515625
697 191.17869567871094
698 196.10635884602866
699 231.47051493326822
700 207.43916829427084
701 187.65185546875
702 198.9998016357422
703 223.0807851155599
704 188.63134256998697
705 202.93617248535156
706 205.32160441080728
707 231.9579874674479
708 199.57062276204428
710 208.5537363688151
712 187.71302286783853
713 206.32047526041666
714 200.88929239908853
715 171.3763631184896
716 196.83441670735678
718 261.2363789876302
719 187.07538859049478
720 189.73050435384116
721 210.5121307373047
722 225.31085205078125
723 217.12759399414062
724 231.47785441080728
725 219.71808878580728
726 245.82962036132812
727 203.55745442708334
728 197.72574869791666
729 233.5172725158114
730 201.67074076334634
731 210.29766845703125
732 179.14254252115884
733 215.0917205810547
734 200.79571570974326
735 195.9182332356771
736 195.00040690104166
737 284.96337890625
739 187.26872762044272
740 175.64903767903647
741 195.21527608235678
742 176.58299763997397
743 206.61327107747397
744 237.07245448764195
745 219.5200653076172
746 225.85411071777344
747 181.37486775716147
748 250.89842571374166
749 224.94611104329428
750 169.9461466471354
751 225.54876708984375
752 256.00218709309894
755 215.61360677083334
756 176.6042683919271
757 184.95877583821616
758 198.4606679280599
761 224.08370971679688
762 239.5189666748047
763 279.51755777994794
764 247.56346130371094
765 220.23859659830728
766 227.57033464104885
767 232.0254109700521
768 207.64285278320312
769 212.9230499267578
770 237.56619771321616
771 195.79210408528647
772 191.06903076171875
773 183.94853719075522
774 236.5359090169271
775 246.54351298014322
776 227.5072224934896
777 171.85518900553384
778 204.30897521972656
779 195.2873992919922
780 207.67320251464844
781 212.57878621419272
782 230.3567657470703
783 185.59427897135416
784 212.32923380533853
785 248.7441864013672
786 236.90969848632812
787 178.65922037760416
788 232.54696146647134
789 208.4474334716797
790 252.68336486816406
791 244.78575642903647
792 150.75299072265625
793 159.51675415039062
794 241.20528666178384
795 178.5116221110026
796 231.49069213867188
797 216.78028361002603
798 211.67408752441406
799 210.35633249239208
800 204.63668823242188
801 208.1946258544922
802 235.27129618326822
803 235.28543090820312
804 194.92492167154947
805 247.6624755859375
806 147.27971903483072
807 220.47552998860678
808 246.89139302571616
809 215.51667277018228
810 200.40909322102866
811 166.75690714518228
812 153.7794952392578
813 194.50767517089844
814 203.0119374593099
815 236.84334818522134
817 222.87948608398438
818 232.93057250976562
819 212.90994262695312
820 241.1922149658203
821 197.6728973388672
822 199.7672373453776
823 189.24393717447916
824 182.76407368977866
825 240.2203114827474
826 259.79945882161456
827 238.93580118815103
828 205.28959147135416
829 183.81624857584634
830 216.31977335611978
831 173.4777577718099
832 209.5537363688151
833 193.66311645507812
834 212.00431315104166
836 171.33605448404947
837 198.47727966308594
838 202.8777872721354
839 190.21983337402344
840 239.33638509114584
841 213.1865488688151
842 225.01458231608072
843 198.45465473796935
844 222.1175740559896
845 224.2677001953125
846 191.67689005533853
847 216.93135579427084
848 234.41113789876303
849 197.58056640625
850 150.0023651123047
851 176.19572957356772
852 218.38232421875
853 198.2586581405914
854 262.0708719889323
855 186.63604227701822
856 206.35616556803384
857 159.84695943196616
858 187.50660705566406
859 182.42440287272134
860 183.8621063232422
862 267.38917032877606
863 248.2592519124349
865 185.40663146972656
866 216.2682370570841
867 191.82623291015625
868 213.13379414876303
869 216.09196980794272
870 223.94135030110678
871 203.96529642740884
872 213.57378641764322
873 270.9829406738281
874 228.04238891601562
875 213.85986328125
876 224.59119669596353
877 204.96661885579428
878 264.2690938313802
879 219.403909635818
880 230.59498596191406
881 266.74474080403644
883 200.13461303710938
884 228.55634562174478
885 223.15830993652344
886 223.03948704203506
887 202.10478719075522
888 211.01746114095053
890 182.6861572265625
892 214.9815928141276
893 229.8123524983724
894 208.50438210990023
896 229.9226277669271
897 263.6157378236205
899 235.45662943522134
900 246.85328165690103
901 219.6903076171875
902 261.4055480957031
903 243.77997334798178
904 198.2563934326172
905 168.6098429361979
906 223.87537638346353
907 211.06390380859375
910 222.80715942382812
911 217.65695190429688
912 205.17314656575522
913 202.08123270670572
914 222.69498697916666
915 260.6977233886719
916 169.15653483072916
917 236.9674281110024
918 161.97715759277344
919 212.64833068847656
920 200.29732259114584
922 197.3593546549479
923 227.3418935139974
925 226.3880411783854
926 195.80846150716147
927 217.80179850260416
928 180.27649943033853
929 248.04552243304408
930 189.49984232584634
931 217.41607666015625
932 196.30721028645834
933 212.50951639811197
934 226.37054443359375
935 184.71187337239584
936 226.41374715169272
937 213.5956064860026
938 194.6489888875727
939 204.89935302734375
940 195.04574584960938
941 207.30401611328125
943 225.02179972330728
944 204.4175771077474
945 201.58841451009116
946 199.56823221842447
947 202.7442830403646
948 211.5986785888672
949 246.56112670898438
950 192.64567057291666
951 193.56031799316406
952 233.4989471435547
953 360.9552917480469
954 237.71397399902344
955 248.6528116861979
956 206.63946024576822
958 201.3993377685547
959 181.5549519856771
960 196.9734344482422
961 206.50511678059897
963 177.2579345703125
964 224.2940928141276
965 162.33006795247397
966 236.8086140950521
967 175.23656209309897
968 222.09805806477866
969 252.35926310221353
970 235.61902364095053
971 217.6567128499349
972 239.07321167621492
973 188.4724165502007
974 217.11209106445312
975 229.1096928795562
976 193.08099365234375
977 222.3577677408854
978 214.15230305989584
979 233.5627899169922
980 221.94351196289062
981 184.12628682454428
982 188.25541178385416
983 245.0596160888672
984 236.9003448486328
985 206.42310078938803
986 187.70225524902344
987 212.69149271647134
988 245.75143432617188
989 224.95963541666666
991 236.2872236301213
992 254.40155029296875
993 199.88815688405361
995 194.64452616373697
996 246.98372350601048
997 189.60112508138022
998 216.38084920247397
999 229.8125966389974
1000 166.4021199544271
1001 209.7003428141276
1002 258.12305704752606
1003 215.45244852701822
1004 204.3907725016276
1005 196.33463033040366
1006 261.30649820963544
1007 185.88878377278647
1008 211.5126719389522
1009 172.87991841634116
1010 173.6964365641276
1011 233.53836568196616
1012 232.11651102701822
1013 239.95704650878906
1014 157.49533081054688
1015 234.4355723063151
1016 208.71720377604166
1017 206.2804921468099
1018 164.80439249674478
1019 199.8024648030599
1020 197.36192830403647
1021 201.2880859375
1022 211.7200469970703
1023 214.58687845865884
1024 164.4644521077474
1025 217.2705332438151
1026 185.09730529785156
1027 235.9013926188151
1028 222.14646911621094
1029 195.65137227376303
1030 247.75004069010416
1031 195.82596333821616
1032 215.04877730637472
1033 187.30307006835938
1034 188.7891387939453
1035 207.37613423665366
1036 189.67312622070312
1037 242.1679484049479
1038 230.0684560139974
1039 199.0744374593099
1040 178.2531534830729
1041 215.64706420898438
1042 216.62000528971353
1043 211.6009267171224
1044 212.32811482747397
1045 208.7927703857422
1046 226.49181620279947
1047 191.6956583658854
1048 236.4803670247396
1049 195.22180684407553
1051 202.5770517985026
1052 263.54050699869794
1053 185.0070343017578
1054 155.48896280924478
1055 230.54878743489584
1056 207.34605916341147
1057 199.73902384440103
1058 199.67545064290366
1059 204.49713134765625
1060 212.99603780110678
1061 198.40478515625
1062 227.4263916015625
1063 280.91115315755206
1064 207.35242716471353
1065 198.12322998046875
1066 191.5060068766276
1067 247.06400553385416
1068 281.3132019042969
1069 246.42403157552084
1070 246.71993199274505
1071 182.51807657877603
1072 173.78254191080728
1073 185.75162251790366
1074 232.68001302083334
1075 250.88473002115884
1076 216.7946573893229
1077 178.42891438802084
1078 203.2717488606771
1080 189.72633361816406
1081 213.69271850585938
1082 206.37501017252603
1083 248.24472841887814
1084 245.20899963378906
1085 273.14344278971356
1086 172.69823710123697
1087 214.95775349934897
1088 226.83262634277344
1090 234.6737823486328
1091 261.81093343098956
1092 235.51508585611978
1093 196.7733401084181
1094 191.90555826822916
1096 209.1261749267578
1097 228.64215596516928
1098 178.11322530110678
1099 174.69670613606772
1100 247.0888671875
1101 257.49599202473956
1102 240.6188201904297
1103 204.95850626627603
1104 219.93757120768228
1105 217.54930114746094
1106 208.68763224283853
1107 172.49156697591147
1108 243.055908203125
1109 194.68822224934897
1110 238.73450724283853
1111 272.7791748046875
1112 231.7218475341797
1113 206.31004842122397
1114 212.88495381673178
1115 208.99029541015625
1116 216.13458251953125
1117 235.25750223795572
1118 212.52772013346353
1119 241.9259033203125
1120 222.89336140950522
1121 223.59916178385416
1122 240.68615214029947
1123 208.7831013997396
1124 217.29362996419272
1125 233.43359375
1126 169.41790262858072
1127 204.42300923665366
1128 263.11976114908856
1129 199.2368927001953
1130 220.3127187093099
1131 186.48003133138022
1132 211.75667826334634
1133 176.71069844563803
1134 221.98557360974166
1135 213.46392822265625
1136 202.26387532552084
1137 205.72216660260315
1138 218.18682861328125
1140 243.41515096028647
1141 255.04480489095053
1142 254.45993041992188
1143 181.27774556477866
1144 190.30547078450522
1145 227.6949005126953
1146 197.26228841145834
1147 215.8184560139974
1148 187.08021545410156
1149 197.43363444010416
1150 210.86543782552084
1151 181.4936065673828
1152 224.40511576334634
1153 230.07101440429688
1154 173.93880716959634
1155 177.7021484375
1156 180.43362935384116
1157 189.1762440999349
1158 204.9447784423828
1159 186.62200927734375
1160 178.80150349934897
1161 235.06846618652344
1162 205.1702626546224
1163 229.3366495768229
1164 189.07393900553384
1166 229.18828328450522
1167 172.29159545898438
1168 203.00121561686197
1169 240.00535583496094
1170 229.08688354492188
1172 206.9631805419922
1173 265.3924967447917
1174 190.75458780924478
1175 201.88455708821616
1176 251.44410196940103
1177 215.02039591471353
1178 239.07884216308594
1179 200.51075744628906
1180 169.80381774902344
1181 289.6942443847656
1182 262.33282470703125
1183 192.49303690592447
1184 190.50983174641928
1185 238.8784345116029
1186 206.5151824951172
1187 160.8012898763021
1188 240.84318033854166
1189 228.07297028704292
1190 206.58860778808594
1191 235.17720540364584
1192 265.5204671223958
1193 211.2923583984375
1194 181.75857543945312
1195 180.2280069986979
1196 193.52831522623697
1198 203.1236317952474
1199 210.91532389322916
1200 183.56436157226562
1201 231.18059564461203
1202 186.00028483072916
1203 180.7575887044271
1204 234.58907572428384
1205 189.05244954427084
1206 197.8446807861328
1207 201.89527893066406
1208 205.70362854003906
1209 201.11348978678384
1210 191.64311726888022
1211 186.7315470377604
1212 234.58214823404947
1213 230.60240681966147
1215 187.3932902018229
1216 219.4206339518229
1217 194.22593688964844
1218 251.74508158365884
1219 221.00415547688803
1220 190.5031941731771
1221 229.90641276041666
1222 214.74942525227866
1223 204.33019002278647
1224 195.11162312825522
1225 198.78419494628906
1226 257.50743103027344
1228 224.55223592122397
1229 203.8068389892578
1230 216.12505086263022
1231 252.04259236653647
1232 202.8207041422526
1233 229.1159210205078
1234 268.0885314941406
1235 209.3209431966146
1236 200.51055399576822
1237 235.49283854166666
1238 203.50099182128906
1239 197.14840698242188
1241 218.15718096381252
1242 177.57070922851562
1243 239.2220916748047
1244 189.96776835123697
1245 181.81826782226562
1246 193.80604044596353
1247 225.11181640625
1248 186.49719746907553
1249 220.28135681152344
1250 239.01136779785156
1251 214.60572306315103
1252 190.51089477539062
1253 223.68224080403647
1254 199.40115356445312
1255 189.02202351888022
1256 182.92552693684897
1257 242.72684733072916
1258 224.03477986653647
1259 238.36671447753906
1260 260.51014200846356
1261 187.96330769856772
1262 219.63045247395834
1263 214.95089213053384
1264 234.55232747395834
1265 215.76501973470053
1266 184.5153350830078
1267 193.25513712565103
1268 192.87426249186197
1269 213.56546020507812
1270 270.57647705078125
1271 171.35057576497397
1273 182.47765604654947
1274 233.76422627766928
1275 228.28634134928384
1277 200.07556660970053
1278 168.8287607828776
1279 223.73478190104166
1280 181.50219217936197
1281 256.6047007242839
1282 230.7758585611979
1283 208.10975646972656
1285 169.38927714029947
1286 230.81678771972656
1287 223.6137237548828
1289 192.51960245768228
1290 230.94916788736978
1291 208.3001963297526
1292 232.41918436686197
1293 235.84666665069565
1294 230.7325693766276
1295 186.41685994466147
1296 253.35440063476562
1297 181.32373046875
1298 200.20963033040366
1299 239.09061686197916
1301 248.5785878499349
1302 208.72239685058594
1303 209.8711903889974
1304 222.46085103352866
1305 200.03325398763022
1307 223.96857706705728
1308 258.3647969563802
1309 261.28912353515625
1310 191.53826395670572
1311 179.17562866210938
1312 203.37306213378906
1313 185.11371358235678
1314 230.05494689941406
1315 247.87884937235117
1316 220.81206766764322
1317 189.26855742184804
1318 202.47864786783853
1319 203.68565368652344
1320 189.86981709798178
1321 180.4582977294922
1322 248.9732869466146
1323 218.9843546549479
1324 212.2968546549479
1325 242.9886728922526
1326 196.6506805419922
1327 211.1436513264974
1328 204.1228230794271
1329 199.52349853515625
1331 199.00371297200522
1332 193.8128916422526
1333 256.04065958658856
1334 230.9346923828125
1335 249.31868998209634
1336 191.37079874674478
1337 283.15130615234375
1338 210.66197204589844
1339 180.9276377360026
1340 192.46373494466147
1341 191.95600382486978
1342 223.53173828125
1343 226.872732898811
1344 237.0511932373047
1345 204.52686055501303
1346 196.39227294921875
1347 223.39364115397134
1348 221.65438334147134
1349 220.8580576578776
1350 188.20265197753906
1351 179.0376230875651
1352 201.9600372314453
1353 246.7982940673828
1354 208.53618876139322
1355 244.9565175374349
1356 214.68553670247397
1357 195.05245971679688
1358 214.9166005452474
1359 239.50947062174478
1360 250.88683064778647
1362 242.16366577148438
1363 245.42172241210938
1364 222.35247802734375
1365 244.31716918945312
1366 260.68653361002606
1367 219.45117696126303
1368 202.5263214111328
1369 206.09544372558594
1370 195.05867513020834
1371 245.04934692382812
1372 207.20399475097656
1373 213.10039265950522
1374 237.09887186686197
1375 167.23560587565103
1376 203.0517578125
1377 196.3008066813151
1378 210.95661417643228
1379 239.91041056315103
1380 278.15614827473956
1381 220.07494099934897
1382 216.9076690673828
1383 223.02925618489584
1384 250.18055216471353
1385 196.91871134440103
1386 204.8218027750651
1387 187.79217529296875
1389 219.53648885091147
1390 265.61745198567706
1391 275.9572448730469
1392 169.6210479736328
1393 206.9375677336809
1394 223.06949361165366
1395 206.07510375976562
1396 178.00712076822916
1397 202.34915161132812
1398 192.9003702799479
1399 220.45514410913688
1400 201.03719075520834
1401 199.02165730794272
1402 157.5630340576172
1404 229.08040364583334
1405 198.4307657877604
1406 218.15682474772134
1407 229.20486450195312
1408 181.04937744140625
1409 191.6094207763672
1411 272.2405700683594
1412 245.52739969889322
1413 185.85100301106772
1414 193.22485860188803
1415 228.31005350748697
1416 182.4663848876953
1417 232.8306121826172
1418 211.92715454101562
1419 173.5068359375
1420 230.03346252441406
1421 193.4831746419271
1422 220.47137959798178
1423 213.59709676106772
1424 184.2972412109375
1425 235.83370463053384
1426 212.90670776367188
1427 249.4651082356771
1428 218.0234171549479
1429 208.69718424479166
1430 204.80878194173178
1431 184.9518025716146
1432 220.43749491373697
1433 230.78760274251303
1434 259.260498046875
1435 236.08072408040366
1436 207.60292053222656
1437 226.50507609049478
1438 215.02798461914062
1439 203.1158701578776
1440 224.22758992513022
1441 192.9255625406901
1442 180.94388326009116
1443 201.43373107910156
1444 195.73582458496094
1447 205.2936248779297
1448 201.6487579345703
1449 201.37510681152344
1450 219.6341349283854
1451 205.44315083821616
1452 222.4909413655599
1453 230.40886942545572
1454 180.14956665039062
1455 175.03094991048178
1456 207.69757588704428
1458 211.3208465576172
1459 192.98246256510416
1460 240.54638163248697
1461 186.34994506835938
1462 187.80579121907553
1463 208.37488810221353
1464 205.92598470052084
1465 185.36907450358072
1466 242.25357055664062
1467 200.7315470377604
1470 190.2351277669271
1471 222.23831176757812
1472 212.53553771972656
1473 250.40767281587208
1474 243.10834757486978
1475 243.2554677327474
1476 217.08748881022134
1477 259.32825724283856
1478 187.6553751627604
1479 219.77352396647134
1480 218.86841328938803
1481 240.36293029785156
1482 187.67670694986978
1483 222.25750732421875
1484 187.15062459309897
1485 241.14410909016928
1486 210.8536580403646
1487 193.15396626790366
1488 220.48930962004022
1489 217.6529083251953
1490 176.42138671875
1491 199.55045064290366
1492 206.9518076578776
1493 184.58782450358072
1494 194.6717783610026
1495 209.1795857747396
1496 188.07100423177084
1497 198.28485107421875
1498 220.75970458984375
1499 169.26385498046875
1500 189.3542022705078
1501 167.86725362141928
1502 149.44135538736978
1503 203.33006795247397
1504 236.6696980794271
1506 248.18523152669272
1508 186.6124064127604
1509 218.89606730143228
1510 222.69424947102866
1511 222.81494140625
1512 221.78775024414062
1513 226.85169982910156
1514 189.66966247558594
1515 235.37789408365884
1516 161.76435343424478
1517 224.4906972249349
1518 189.52645246816553
1519 181.90348307291666
1520 228.5789591471354
1521 238.13103230794272
1522 193.62452697753906
1523 197.001220703125
1524 237.45612589518228
1525 204.77922566731772
1526 236.34192911783853
1527 200.59625752766928
1528 236.59186808268228
1529 251.41849263509116
1530 167.7126668294271
1531 221.61642456054688
1532 216.24269104003906
1533 220.15340677897134
1534 183.13320922851562
1535 204.24334208170572
1536 234.12613932291666
1537 169.4872080485026
1538 225.41961669921875
1539 545.4835611979166
1540 238.94561258951822
1541 190.23133850097656
1542 193.1327158610026
1543 182.47491455078125
1544 217.12744649251303
1545 230.2901814778646
1546 217.87862141927084
1547 248.78939819335938
1548 207.4397176106771
1549 243.57215881347656
1550 222.3159637451172
1551 222.31065368652344
1553 180.26240030924478
1554 206.48673502604166
1555 174.70538330078125
1556 204.98261006673178
1557 217.37055460611978
1558 214.67208862304688
1559 233.0489247639974
1560 183.9396514892578
1561 216.91104634602866
1563 175.09525553385416
1564 253.23724365234375
1565 214.00672403971353
1566 218.13253275553384
1567 212.52831522623697
1569 189.97449747721353
1570 227.92761739095053
1571 249.79499308268228
1572 225.26406088462008
1573 220.3736775716146
1574 233.79898579915366
1575 219.07918294270834
1576 250.88963317871094
1577 228.47427368164062
1578 213.4751739501953
1579 187.2648162841797
1580 186.94043477376303
1582 231.3156941731771
1583 182.77375284830728
1584 246.84570821126303
1585 219.1195271809896
1586 182.11149088541666
1587 198.44208272298178
1588 168.29335021972656
1589 215.0071055094401
1590 189.75049845377603
1591 213.1632283528646
1592 230.3285369873047
1593 181.60454305013022
1594 223.46078491210938
1595 169.77178446451822
1596 202.06769307454428
1597 219.56842549641928
1598 229.88722229003906
1599 263.43817138671875
1600 207.8576914469401
1601 245.1149648030599
1602 207.30606079101562
1603 177.16270955403647
1604 274.47447713216144
1605 278.89772542317706
1606 225.0177459716797
1607 206.85211491159816
1608 228.2394561767578
1609 227.39925130208334
1610 187.81761169433594
1611 207.22982788085938
1612 198.07805887858072
1613 168.5310262044271
1614 200.76964823404947
1615 267.5209197998047
1616 233.29414876302084
1617 192.4132334391276
1618 188.04859924316406
1620 227.71863301595053
1621 210.8640594482422
1622 220.5700887044271
1623 195.97174580891928
1624 175.13656107584634
1626 210.01993815104166
1627 209.49179077148438
1628 241.00384012858072
1629 225.00409952799478
1630 223.75247701009116
1631 201.0147705078125
1632 168.93151346842447
1633 183.9328867594401
1634 249.01495361328125
1635 195.25036112467447
1636 201.8036346435547
1637 212.09664408365884
1638 226.4388682047526
1639 173.5024210611979
1640 244.77052307128906
1641 219.4173583984375
1642 232.53395624480586
1643 172.74943033854166
1644 224.5505625406901
1645 208.5873819986979
1646 211.55030314127603
1647 199.04669698079428
1648 209.3849080403646
1649 231.57195536295572
1650 171.47412109375
1651 158.50572713216147
1652 237.6205800374349
1653 199.00059509277344
1654 212.9375
1655 210.50209045410156
1656 182.02448527018228
1657 223.03821309407553
1658 187.93507385253906
1659 218.54968770345053
1660 192.92442321777344
1661 212.79287719726562
1662 240.15049702457054
1663 279.8751220703125
1664 194.81309509277344
1666 235.989501953125
1667 245.0067138671875
1668 186.8054962158203
1669 221.8914794921875
1670 219.49333699544272
1671 248.8089853922526
1672 162.8880360921224
1673 198.5330352783203
1674 182.32571411132812
1675 199.51057942708334
1676 232.19449150308392
1677 238.06852213541666
1678 187.7777557373047
1679 217.55665906704837
1680 216.10042389491647
1681 197.39104207356772
1682 180.50778198242188
1683 204.496826171875
1684 167.72411092122397
1685 212.4516398111979
1686 222.21630350748697
1687 208.97142028808594
1688 200.79923502604166
1689 177.04532877604166
1690 199.2450714111328
1691 196.53817240397134
1693 323.2590026855469
1694 211.41610209147134
1695 251.03934733072916
1696 235.22027079264322
1697 188.91336059570312
1698 210.12764485677084
1699 177.4856923421224
1701 182.71643575032553
1702 201.9923095703125
1703 187.41705322265625
1704 215.9571736653646
1705 199.93832397460938
1706 172.78413899739584
1707 201.8916015625
1708 205.54735819498697
1709 238.9510040283203
1710 205.09530639648438
1711 150.6499481201172
1712 237.2760907703084
1713 195.74144999186197
1714 240.1128133138021
1715 183.58159891764322
1716 249.7612762451172
1717 190.12740580240884
1718 269.36195563192086
1719 242.7030232747396
1720 254.0445810953776
1721 249.80750528971353
1722 213.48609415690103
1723 169.68260701497397
1724 224.61522420247397
1725 222.03319803873697
1726 194.56591288248697
1727 199.24031575520834
1728 200.22290547688803
1729 205.6719004313151
1730 222.80677286783853
1731 180.30096435546875
1733 205.24779764811197
1734 220.05213194279372
1735 227.20128885904947
1736 232.0170440673828
1737 184.2011260986328
1738 187.16602071126303
1739 215.83977762858072
1740 189.5347900390625
1741 203.83489481608072
1742 243.24246280848766
1743 216.7787882486979
1744 251.09176127115884
1745 187.5867156982422
1748 185.9869130452474
1749 192.8565419514974
1750 170.8658243815104
1751 261.06634521484375
1752 225.2889404296875
1753 208.08033752441406
1754 208.87963358561197
1755 218.5204874674479
1756 220.91921997070312
1757 223.70582071940103
1758 225.86984252929688
1759 177.77845255533853
1760 220.22403971354166
1761 227.4747517903646
1762 222.61922200520834
1763 187.49991861979166
1764 182.64144897460938
1765 195.49444580078125
1766 244.14938354492188
1767 193.12865702311197
1768 200.55843607584634
1769 229.27691141764322
1770 229.62870279947916
1771 234.3678181966146
1772 239.77305603027344
1773 245.10010782877603
1774 220.08398946126303
1775 258.5658721923828
1776 188.54097493489584
1777 242.2689666748047
1778 213.6983642578125
1779 189.14376322428384
1780 209.3299866714606
1781 257.4247639973958
1783 213.35789998372397
1784 213.9305877685547
1785 264.15147908528644
1786 187.4944101969401
1787 182.01426696777344
1788 214.55989583333334
1789 182.05363972981772
1790 193.00543721516928
1791 193.78626505533853
1792 207.19592793782553
1794 170.9156494140625
1795 213.24573262532553
1796 202.28639221191406
1797 239.56242879231772
1798 212.35587056477866
1799 227.34190368652344
1800 191.5168533943831
1801 230.34087117513022
1802 199.88604227701822
1803 219.3359578450521
1804 244.2522176106771
1805 167.93567911783853
1806 183.4956512451172
1807 200.8928680419922
1808 201.61306762695312
1810 201.38621520996094
1811 183.97127787272134
1812 248.58752643241303
1813 184.1385040283203
1814 266.05133056640625
1815 183.0195566813151
1816 192.89466857910156
1817 206.9164276123047
1818 224.34740702311197
1820 276.57007853190106
1821 173.17761739095053
1822 222.01972452799478
1823 227.00735982259116
1824 201.85044860839844
1825 259.7660319010417
1826 197.50149536132812
1827 179.0784912109375
1828 214.41845194498697
1829 210.44803873697916
1830 184.79580688476562
1831 215.2429962158203
1832 227.53138732910156
1833 186.09847005208334
1834 163.54303995768228
1836 238.26175435384116
1839 183.36888122558594
1840 206.77389017740884
1841 218.1974894205729
1842 259.41831461588544
1843 187.23482767740884
1844 207.09418233235678
1845 249.5501454671224
1846 180.01447550455728
1847 209.10731506347656
1848 215.1102752685547
1849 208.13846842447916
1850 192.26969401041666
1851 202.25387062864357
1852 207.53633626302084
1853 177.60227966308594
1854 216.1952158610026
1855 200.56299845377603
1856 205.59430440266928
1857 206.50739542643228
1859 192.33118693033853
1860 186.25890096028647
1861 195.61161295572916
1862 261.82567342122394
1863 172.45697021484375
1864 186.3257802327474
1865 197.46044921875
1867 204.49750264485678
1868 228.15349324544272
1869 192.91108194986978
1870 182.0505167643229
1871 245.34832763671875
1872 191.5857950846354
1873 175.8631388346354
1874 263.95738728841144
1875 215.73809305826822
1876 192.59135404937635
1877 225.03076171875
1878 237.96529134114584
1879 182.99930318196616
1880 225.0297597249349
1881 194.34691874186197
1882 184.54382832845053
1883 226.23104349772134
1884 219.18450419108072
1885 241.08586629231772
1886 263.94800821940106
1887 190.9355010986328
1888 191.48031616210938
1889 198.4168446858724

