0 201.48674774169922
1 191.8282928466797
2 194.72641372680664
3 210.59823608398438
4 210.10991287231445
5 219.02482986450195
6 219.79819779860284
7 172.30393600463867
8 249.75671861904343
9 198.52935028076172
10 206.0575065612793
11 185.59360122680664
12 222.28526306152344
14 281.29285430908203
15 201.87049536112298
17 191.44440460205078
18 177.74098205566406
19 238.41332244873047
20 200.12921142578125
21 206.18175888061523
22 215.74811553955078
23 165.2225799560547
24 182.39383697509766
25 222.1228485107422
26 210.9052505493164
27 191.4926872253418
28 231.86590194702148
29 170.20528030395508
30 235.3051528930664
32 266.3196029663086
34 234.98504638671875
35 198.91004943847656
36 204.59311294555664
37 213.64083862304688
38 211.10209274291992
39 192.07698822021484
40 184.83630752563477
41 178.0792121887207
42 186.50273513793945
43 198.52214431762695
44 258.1796713364289
45 234.74251556396484
46 206.52230072021484
48 248.94229888916016
50 272.100379742551
52 216.58709335327148
53 171.06966400146484
54 207.98496627807617
55 222.82356643676758
56 215.04219436645508
57 242.24154663085938
59 215.07674407958984
60 203.19421005249023
61 243.56246185302734
62 189.2566146850586
63 224.33201599121094
64 247.7593536376953
65 259.4634793152194
66 212.77106857299805
67 247.5042381286621
68 201.60376358032227
69 257.08443450927734
70 210.9314193725586
71 206.51787948608398
72 219.74697494506836
73 251.0898895263672
74 216.85166931152344
75 212.6744041442871
76 220.30883407592773
77 191.12543869018555
78 202.0223388671875
79 253.856289050168
80 271.68482971191406
81 234.90535736083984
82 200.11775970458984
84 209.35483169555664
85 252.80075073242188
86 238.13782501220703
87 227.36588287353516
88 215.40953063964844
89 209.96007919311523
90 238.46942520141602
91 216.05166625976562
92 178.12342834472656
93 207.73879623413086
94 223.13887786865234
96 218.95353317260742
97 202.0331153869629
98 278.53924560546875
99 189.79046249389648
100 227.6999855041504
101 173.9090461730957
102 213.83838272094727
103 179.01453018188477
104 261.04573919179694
105 241.04152297973633
106 199.4731101989746
107 225.68756866455078
108 178.61199569702148
110 178.78929138183594
111 223.6375389099121
112 246.46560003759367
113 257.53704077194607
114 194.7722282409668
115 205.12461853027344
116 322.0850067138672
118 226.81237411499023
119 213.50232315063477
120 148.17523574829102
121 214.7937240600586
122 200.16740798950195
123 232.7549591064453
124 212.07898712158203
126 207.08928298950195
127 216.8088520946839
128 189.9107666015625
129 232.89632034301758
130 212.56081771850586
131 187.75028610229492
132 210.69308471679688
133 204.26612854003906
134 196.38890838623047
135 207.85213470458984
136 223.25300979614258
137 199.9939079284668
139 213.74045944213867
140 246.2577781677246
141 215.64115142822266
142 230.40699005126953
143 251.80076599121094
144 272.89398193359375
146 193.4886817932129
147 195.7981185913086
148 228.62396621704102
149 196.40402221679688
150 225.02173233032227
151 243.45848083496094
152 204.93102645874023
153 198.57231521606445
154 238.29599380493164
155 224.70258712768555
156 253.90542602539062
157 194.74347686767578
158 240.54132843017578
159 201.49548721313477
160 213.485595703125
161 183.4741554260254
162 234.08562088012695
163 209.90987014770508
164 220.73749092511954
165 182.0230712890625
166 188.06219100952148
167 184.21220016479492
168 168.31377792358398
170 233.94894790649414
171 171.50485229492188
172 240.68496322631836
173 232.56526947021484
174 186.13483810424805
175 178.00518417358398
176 184.34864807128906
177 215.95136260986328
