0 196.8366527065968
1 197.64684404645647
2 223.0716830961324
3 177.69866943359375
4 202.69199698311942
5 207.55182320731026
6 188.14245823451452
7 285.7424752371652
8 242.28194972446985
9 201.45017569405692
10 218.66244506835938
11 214.38060651506697
12 193.45930698939733
13 204.01898847307478
14 262.3267642709281
15 238.2372567313058
16 210.06886073521204
17 250.82159423828125
18 279.1419415004867
19 219.85039411272322
20 218.59295654296875
21 220.02530997140067
22 210.3974609375
23 245.87435477120536
24 194.2652827671596
25 252.0288827078683
26 215.38255746023995
27 204.67321123395647
28 205.4778333391462
29 260.2281124371496
30 274.1329040527344
31 202.21378217424666
32 254.90384347098214
33 222.30010768345423
34 213.1248299734933
35 217.96290806361608
36 211.19444274902344
37 226.7381635393415
38 221.35235595703125
39 192.76314653669084
40 232.94169398716517
41 216.67134966169084
42 263.85939299380584
43 242.96111624581474
44 205.49234008789062
45 181.00596400669642
46 225.05472455705916
47 265.53877727455625
48 324.14500209263394
49 229.07252720424108
50 217.10180882045202
51 202.7057604108538
52 234.6365007672991
53 214.68882533482142
54 226.88675518415056
55 220.81926340050578
56 214.0811767578125
57 207.32745797293526
58 202.07603454589844
59 211.9969438825335
60 247.67352076939173
61 220.7767813546317
62 234.14831760951452
63 256.2117614746094
64 199.47670418875558
65 231.63747079031808
66 198.42839704241072
67 229.68153163364954
68 246.16348702566964
69 228.80573381696428
70 199.56393432617188
71 244.1881866455078
72 203.4667205810547
73 215.77991376604353
74 212.80384608677454
75 183.50148228236608
76 189.11229814801897
77 185.74104963030135
78 235.73877607073103
79 241.347407749721
80 187.79832894461495
81 179.20006452287947
82 218.78660369082772
83 250.8241969517299
84 246.5824933733259
85 215.96954999651228
86 196.07184491838728
87 187.8159397670201
88 231.75623430524553
89 223.63890075683594
90 237.73384602546744
91 241.82348850795202
92 194.69627816336495
93 226.3930446079799
94 231.8650163922991
95 243.2972695486886
96 199.02262224469865
97 234.29709952218192
98 256.8456776166872
99 156.23267691476005
100 249.36006382533483
101 214.16685485839844
102 219.14850725446428
103 221.37645394461495
104 245.66597856794084
105 214.3812473842076
106 151.6479971749442
107 200.57681492396765
108 221.7092568533761
109 248.97980390276228
110 212.8438001360212
111 208.3053697858538
112 237.36762346540178
113 220.06345244408956
114 205.12312970842635
115 214.8206024169922
116 182.3212607247489
117 232.1395481654576
118 279.01649693080356
119 236.2786821637835
120 234.23502676827567
121 187.44908796037947
122 220.2173810686384
123 230.73712376185827
124 205.39476013183594
125 245.23129836767868
126 219.64843967982702
127 213.6503688267299
128 232.27973429747266
129 212.2034868512835
130 201.39152308872767
131 236.35801478794642
132 183.35541425432478
133 212.52302769252233
134 228.40450395856584
135 201.00467572893416
136 274.0133056640625
137 189.4759303501674
138 204.0716073172433
139 203.1912805220693
140 213.69283403669084
141 222.31817844935827
142 246.65782859478028
143 205.44311741420202
144 269.03895568847656
145 188.90936279296875
146 221.51505824497767
147 241.24761744907923
148 219.15953935895647
149 259.9325866699219
150 207.47870091029577
151 257.82897513253346
152 170.89779009137834
153 235.30835614885603
154 226.1859130859375
155 205.23665509905135
156 204.47733633858817
157 208.00500270298548
158 240.49492754255022
159 221.46341378348214
160 218.28297424316406
161 201.194828578404
162 216.84795270647322
163 211.01133946010046
164 270.87744140625
165 241.0619136265346
166 192.95421709333147
167 204.28162711007255
168 199.23909432547433
169 182.43167550223214
170 227.26691545758928
171 198.96431405203683
172 231.31317138671875
173 190.16169084821428
174 215.1054469517299
175 237.91516985212053
176 211.9222172328404
177 241.78976222446985
178 239.76712908063615
179 230.9834202357701
180 202.7011217389788
181 238.8473470114769
182 246.86139358897466
183 211.55009024483817
184 208.93619864327567
185 226.67198617117745
186 227.12511335100447
187 227.97501482282365
188 257.2110290527344
189 185.55909511021204
190 227.7611997412078
191 249.40438188825334
192 195.74841526576452
193 233.20198277064733
194 257.53978838239397
195 199.43202645438058
196 185.69812229701452
197 214.66365269252233
198 236.05322483607702
199 178.81216866629464
200 185.17305210658483
201 244.47127641950334
202 212.8099626813616
203 229.7695552280971
204 253.48197614178662
205 206.14881678989954
206 212.7461700439453
207 259.33123561314176
208 246.67511858258928
209 259.18401009695873
210 188.51430184500558
211 188.81015014648438
212 220.42737034388952
213 268.0639301749848
214 186.3761923653739
215 228.8617946079799
216 228.2931126185826
217 252.83513968331474
218 234.30919756208147
219 229.05447605678015
220 236.0677751813616
221 235.10145350864954
222 254.5378919328962
223 234.77975027901786
224 208.9725385393415
225 251.52074105398995
226 189.5853511265346
227 226.12090410505022
228 226.35843549455916
229 202.02218191964286
230 253.17449733189173
231 189.1116725376674
232 215.31493486676897
233 281.770751953125
234 181.24129595075334
235 219.32962690080916
236 198.77056666782923
237 210.58165935104884
238 229.46883542355212
239 189.16446794782365
240 212.29429626464844
241 225.18464059626953
242 194.61615208217077
243 189.69146074567522
244 177.49529811314173
245 246.44876970563615
246 176.6493267001854
247 167.51067897251673
248 185.93140956333704
249 261.9516274588449
250 216.36305018833704
251 221.10194832938058
252 195.20865086146765
253 217.9872305733817
254 231.42955889020647
255 229.203608921596
256 210.90239824567522
257 266.7511339281081
258 235.90934243658006
259 219.7082301548549
260 207.0588596888951
261 191.354243687221
262 218.2300083882141
263 196.0806383405413
264 208.88095026575684
265 233.46785191127233
266 248.57122802734375
267 212.43385314941406
268 206.85856256161725
269 229.06756809779577
270 237.59561593191964
271 229.9815717424665
272 197.2133069719587
273 190.4069344656808
274 215.79936872209822
275 238.21907714381067
276 227.66730390276228
277 233.2305908203125
278 183.06742640904017
279 231.4016876220703
280 187.31658063616072
281 256.3568681989397
282 192.90376870944792
283 178.88218252999442
284 244.15035574776786
285 284.5218349647248
286 236.73058210100447
287 195.64601571219308
288 238.95114135742188
289 213.65670340401786
290 215.88474600655692
291 212.84753635951452
292 265.76145604728106
293 223.3172345842634
294 195.89597528246568
295 239.30181012834822
296 238.83963230678015
297 191.41956220354353
298 210.97351292201452
299 206.52989632742745
300 211.49692242665756
301 256.4445235379506
302 234.78494698660714
303 238.68901715959822
304 181.9467533656529
305 245.53375244140625
306 203.92806788853235
307 257.98768615722656
308 173.03058733258928
309 191.26849365234375
310 241.72138105119978
311 272.4692818777902
312 198.995853969029
313 248.74900381905692
314 226.0033460344587
315 253.27818516322546
316 206.34547424316406
317 210.44781930106026
318 268.4737548828125
319 210.89386640276228
320 175.61626543317522
321 235.50575474330358
322 226.09369550432478
323 205.17657688685827
324 238.7385537283761
325 267.104500906808
326 197.9654998779297
327 243.50093514578683
328 186.70074898856026
329 244.4377942766462
330 257.27491978236606
331 258.6713344029018
332 195.4458945138114
333 210.29426156023945
334 191.92901393345423
335 208.25255039760046
336 226.9285387311663
337 204.82359531947546
338 212.0076446533203
339 236.45009286063058
340 234.04401506696428
341 223.32701328822546
342 252.33038330078125
343 209.8383331298828
344 203.81419154575892
345 240.35701624143033
346 200.0787113734654
347 201.1899697440011
348 289.0452314104353
349 196.61251831054688
350 213.12687183372432
351 239.550068734101
352 231.17773219517298
353 185.5744389125279
354 252.14308969274754
355 227.07446943010603
356 227.77207946777344
357 218.7634561769875
358 188.98059735979353
359 200.26947675432478
360 283.7821480887277
361 237.1860634940011
362 212.3101523263114
363 250.65125601632255
364 196.7695770263672
365 242.61760820661272
366 253.6842782156808
367 228.90411158970423
368 215.341064453125
369 234.69864327566964
370 187.140385219029
371 255.95584760393416
372 188.56851414271765
373 236.5596466064453
374 216.2873992919922
375 256.9489070347377
376 166.40267726353235
377 169.29652186802454
378 246.91234261648995
379 217.98101152692522
380 210.42417133810346
381 212.96035181191328
382 242.55679321289062
383 238.99490356445312
384 251.3932843889509
385 250.38267081124442
386 219.22450815153783
387 204.77178519112724
388 239.90183585030692
389 225.03307015555245
390 235.438716343471
391 227.38892255510603
392 251.0321764264788
393 207.33919634137834
394 210.66129193987166
395 185.89920479910714
396 263.59265572684154
397 217.5130855015346
398 185.08333478655135
399 215.8710479736328
400 218.8012956891741
401 174.36783490862166
402 213.91862229439735
403 242.82818821498327
404 201.24345781320338
405 216.76770673479353
406 225.06827436174666
407 266.0503496442522
408 192.7450430733817
409 271.5010986328125
410 246.75228009905135
411 220.41125335668272
412 226.92662702287947
413 210.0540270124163
414 224.76812526157923
415 257.87699236188615
416 209.66224888392858
417 266.1192626953125
418 222.8508239274911
419 270.3529968261719
420 234.30332510811942
421 224.5957085055987
422 210.93645804268974
423 222.37403651646204
424 221.60458156040735
425 233.5743691580636
426 213.72020080100634
427 238.03736223493303
429 264.71102469308033
430 204.25479125976562
431 174.75299726213728
432 214.39185660226005
433 244.470951625279
434 222.77786472865515
435 227.21788678850447
436 265.7603280203683
437 240.5937197135881
438 166.89568655831474
439 206.10435921805245
440 212.32317243303572
441 232.86295427594865
442 199.30664716448103
443 226.7477743966239
444 182.35071672712053
445 193.57913208007812
446 200.85033525739397
447 222.40618896484375
448 231.03734043666296
449 203.8007385411026
450 206.58926609584265
451 232.85747855050224
452 217.29009573800224
453 194.93860735212053
454 365.3656964983259
455 245.09131731305803
456 255.64967564174108
457 212.8130623953683
458 209.1423601422991
459 184.37116350446428
460 189.26007516043526
461 169.36966814313615
462 245.12744794573103
463 257.23851231166293
464 243.16951969182432
465 207.1846017996649
466 245.2181876046317
467 187.8473881312779
468 190.83108520507812
469 239.74302237374442
470 203.25398690359933
471 230.09935651506697
472 214.83033752441406
473 233.25706045968192
474 170.13880266462053
475 260.4044625418527
476 209.43763514927454
477 198.217524937221
478 265.04905918666293
479 188.55693926130022
480 243.8416006905692
481 211.848384312221
482 220.6353476388114
483 224.3651842389788
484 189.20436314174108
485 226.1543906075614
487 219.9494759884463
488 238.87156459263392
489 203.18890598842077
490 219.22352543478954
491 228.76220703125
492 204.71309988839286
493 189.75787571498327
494 236.95159040178572
495 203.55308314732142
496 234.28253391810827
497 285.8913007463728
498 213.1442653111049
499 198.53981454031808
500 252.2301984514509
501 287.40152383766883
503 193.0094953264509
504 239.6051526750837
505 254.19961765834265
506 182.3328901018415
507 206.59322684151786
508 212.56962149483817
509 220.39519609723772
510 209.26187133789062
511 278.0279541015625
512 175.78085327148438
513 234.36108180454798
514 238.02909197126115
515 268.5738045828683
516 239.99449811662947
517 199.13313043220708
518 195.72887093680245
519 252.1538347516741
520 259.5463387625558
521 210.3645499093192
522 237.91856166294642
523 223.82977730887276
524 214.70656093810794
525 249.30887930733817
526 243.34745623570657
527 273.15279279436385
528 223.4468754359654
529 217.4584742954799
530 220.73169599260603
531 218.9033688284249
532 250.46674640715608
533 227.70661130767917
534 236.82378496442522
535 174.998286655971
536 208.05887276785714
537 267.64945957089196
538 203.48421805245536
539 190.9638432094029
540 178.62371608189173
541 223.89510597504554
542 226.78473554338728
543 210.80313764299666
544 226.32443237304688
545 257.81055995396207
546 187.05408804757255
547 217.8196520124163
548 193.27406747000558
549 191.6913582938058
550 186.2471160888672
551 190.6140594482422
552 195.3783700125558
553 231.5814688546317
554 206.57596915108817
555 235.38389805385046
556 215.58825901576452
557 198.98057338169642
558 256.64506166520556
559 217.01931980678015
560 244.00384739467077
561 173.11677987234933
562 264.78526088169644
563 193.81392560686385
564 246.20086071005082
565 239.1661158970424
566 268.4017639160156
567 214.00165448869978
568 188.38187299455916
569 206.06660897391183
570 184.1210719517299
571 237.39830898770998
572 198.2170649937221
573 202.05860246930803
574 197.48350306919642
575 196.9357430594308
576 224.75614057268416
577 219.7745077950614
578 266.8355821881975
579 228.85199628557478
580 254.67124938964844
581 238.73049047087622
582 239.01544843401228
583 224.50737653459822
584 227.1262664794922
585 247.49970136369978
586 244.47149658203125
587 262.81951904296875
588 223.15894876000877
589 240.09586443219865
590 219.94524492536272
591 200.97737557547433
592 275.0529305594308
593 189.73541259765625
594 238.0475115094866
595 260.0927058628627
596 235.08093915666853
597 210.8306884765625
598 178.400142124721
599 198.70877293178015
600 238.70743451799666
601 236.1515175955636
602 252.1352778843471
603 212.6418679198684
604 228.92966788155692
605 226.88599093998235
606 262.4811706542969
607 265.7522901313012
608 193.12681797572546
609 208.08760288783483
610 255.22439093595978
611 208.83680507114954
612 252.9420928955078
613 223.90910121372767
614 246.48350960867745
615 205.85445731026786
616 209.76295035226005
617 197.54638889857702
618 266.17064993722096
619 240.46260942731584
620 196.9813733782087
621 197.02216448102678
622 231.32904329522145
623 209.2534419468471
624 202.40136936732702
625 227.58063180106026
626 228.65415915189098
627 224.3686283656529
628 190.91990225655692
629 210.0416717529297
630 251.52198137555803
631 212.5050266810826
632 246.75735909598214
633 252.39456176757812
634 263.2948477608817
635 227.69202968052454
636 209.02447945731026
637 209.74097551618303
638 243.0610634940011
639 207.8704071044922
640 219.0635245186942
641 222.50491550990515
642 255.62081037248885
643 200.34170532226562
644 208.7917742047991
645 226.28889683314733
646 269.3707362583705
647 286.3191441127232
648 210.46523680983088
649 181.03773716517858
650 225.9449963662484
651 203.31144278390067
652 205.7277548653739
653 236.37750244140625
654 187.17196219308036
655 273.9007377001658
656 196.3987753731864
657 187.44555010114397
658 237.26663425990515
659 179.92429678780692
660 199.8030286516462
661 188.9371381487165
662 242.15035574776786
663 267.6961595111994
664 188.86358642578125
665 223.93214198521204
666 234.24219403948103
667 265.444344656808
668 241.51915413992745
669 229.79156276157923
670 220.2815181187221
671 207.47102791922433
672 232.9762641902425
673 195.5091291155134
674 183.81590924944197
675 198.92269243512834
676 208.79197910853796
677 223.82738603864397
678 228.85037885393416
679 185.97672816685267
680 219.47160993303572
681 242.52291216169084
682 192.63296726771765
683 198.53810555594308
684 213.71417018345423
685 209.85155270800783
686 188.78280181518372
687 245.5887734549386
688 204.04308428083147
689 192.23889814104353
690 218.03324236188615
691 252.7099647238224
692 247.3721705845424
693 249.18168422154017
694 261.4635379656596
695 228.40380205426897
696 226.18512834821428
697 247.57910374232702
698 207.28321184430803
699 193.18385532924108
700 245.6824733189174
701 200.27384512765067
702 194.3005589076451
703 202.1894291469029
704 224.58894784109933
705 170.06693376813615
706 242.51649911063058
707 253.1488037109375
708 192.98884502017577
709 225.81023733956474
710 224.8420889718192
711 229.89501953125
712 193.6342310591803
713 186.64132820786284
714 230.73712376185827
715 240.4780224169001
716 244.75188773018974
717 241.38389587402344
718 203.35255214146204
719 253.51483372279577
720 228.61595153808594
721 176.22166878836495
722 542.8019321986607
723 239.56602478027344
724 200.60356794084822
725 197.40092032296317
726 224.93754141671317
727 234.330317905971
728 250.83190264020647
729 228.45164489746094
730 225.67493983677454
731 208.08103942871094
732 221.69625636509485
733 235.91695077078683
734 186.84740339006697
735 176.04353550502233
736 217.11633518763952
737 226.87460214321328
738 224.51947021484375
739 223.30038813785683
740 233.44483947753906
741 218.14425223214286
742 200.767333984375
743 186.49955531529017
744 249.79990713936942
745 197.48215240809398
746 234.060795375279
747 185.97865295410156
748 233.01625279017858
749 268.75394112723217
750 246.9024614606585
751 213.66487557547433
752 229.79757283626836
753 208.9142565046038
754 208.52384730747767
755 203.78336007254464
756 275.3315102713449
757 240.438716343471
758 195.07014683314733
759 194.37013026646204
760 235.6535361153739
761 181.70577348981584
762 214.61449541364397
763 245.3281489780971
764 207.52105712890625
765 171.28606523786272
766 187.0922568184989
767 210.45694405691964
768 221.45392499651228
769 248.59981427873885
770 229.64544241768974
771 219.6107657296317
772 216.05364990234375
773 236.5281481061663
774 241.98190292041042
775 205.953861781529
776 219.03146362304688
777 216.30112784249442
778 186.54191153390067
779 226.56748744419642
780 203.16688755580358
781 239.59107971191406
782 246.1741224016462
783 190.78813433252418
784 228.61034066336495
785 165.29820905412947
786 202.63365391322546
787 186.0245404924665
788 234.3344404503686
789 249.6131308419364
790 189.32621547154017
791 222.64683451157543
792 223.46420754815614
793 183.5542449951172
794 209.09256635393416
795 214.62070197344852
796 227.25789315359933
797 207.34586443219865
798 202.78143092564173
799 255.7330365862165
800 238.43548148018974
801 192.4915727887835
802 215.24390520368303
803 192.46805681501115
804 225.14806910923548
805 184.63049534388952
807 215.13276018415178
808 242.25326513940635
809 209.49242510114397
810 201.35021754673548
811 243.83756365094865
812 188.78379603794642
813 256.5679255894252
814 197.5932159423828
815 273.7888138452523
816 249.2552773611886
817 254.41987827845983
818 182.28533717564173
819 235.07708522251673
820 206.7823442731585
821 228.525142124721
822 222.8037862658011
823 240.4617963518415
824 189.00731331961495
825 202.26593235560827
826 247.97856168006055
827 255.59115382603235
828 192.9773450578962
829 224.83232988630022
830 226.35195922851562
831 230.10855538504464
832 223.95049394880022
833 194.78010777064733
834 208.68961879185267
835 249.83856201171875
836 205.37488010951452
837 253.06691836870056
838 224.06442042759485
839 246.9000004359654
840 218.08934456961495
841 193.50208391462053
842 216.13560343351705
843 218.5804922921317
844 269.00292532784596
845 201.20406232561385
846 185.01827566964286
847 219.811055229471
848 215.16341073172433
849 218.15123567570598
850 255.04031372070312
851 218.9465550013951
852 197.9244825610308
853 233.49842398507255
854 187.16304452078683
855 194.17168753487724
856 177.78815569196428
857 235.67305210658483
858 235.4326455252511
859 210.0167279924665
860 285.89774431501115
861 200.5865718296596
862 166.16668265206474
863 248.34811401367188
864 261.9114772251674
865 215.4324994768415
866 212.27931213378906
867 203.89519390990418
868 222.1268266950335
869 205.81340680803572
870 211.50163051060267
871 220.48179408482142
872 267.69076102120533
873 175.60790143694197
874 186.3871830531529
875 248.94844709123885
876 196.49642290387834
877 223.10956682477678
878 231.02593776157923
879 242.2562016078404
880 187.94366673060827
881 227.2539324079241
882 198.46030970982142
883 187.2094966343471
884 229.97091456821985
885 203.1304648263114
