1 331.3777422223772
2 269.5280238560268
3 277.0344674246652
4 327.9013977050781
5 279.485360281808
7 294.9365713936942
8 312.38245064871654
9 312.91082763671875
10 300.8283211844308
11 277.635001046317
13 329.43144949868156
14 284.8438153948103
15 291.3721662248884
16 285.935067313058
17 266.65028599330356
18 326.6318359375
19 297.2523672921317
20 335.93863351004467
21 277.4363991873605
22 286.19178989955356
23 295.20015607561385
24 298.83805193219865
25 298.3150896344866
26 325.6842041015625
28 270.6501900809152
29 296.2213614327567
30 275.84553091866627
31 326.4729439871652
32 268.0467616489955
33 293.72654506138394
34 291.6171439034598
35 289.08125959123885
36 273.1073521205357
37 295.18831307547435
38 277.62176513671875
39 275.9906572614397
40 286.0859810965402
41 275.6017543247768
42 298.23077392578125
43 327.84299923169226
44 334.67189243861606
45 288.9768807547433
46 291.1711861746652
47 233.31608363560267
48 228.8286350795201
49 275.8182460239955
51 308.3819667271205
52 349.8031747000558
53 329.0424368722098
54 260.45599583217074
55 295.1365443638393
56 288.51121738978793
57 331.87906319754467
58 264.40203857421875
59 304.7018301827567
60 334.59969656808033
61 314.5606689453125
62 299.2084524972098
63 303.48045567103793
64 316.72867693219865
65 285.126462663923
67 305.50132969447543
68 266.0269993373326
69 339.5193770289906
70 285.2956848144531
71 325.456045968192
72 326.8541346958705
73 282.2364196777344
74 278.8374677385603
75 323.79774693080356
76 322.7411673409598
77 306.0327802385603
78 348.8900364467076
79 319.5597621372768
80 302.670907156808
81 300.0099661690848
82 265.98097011021207
83 281.1881888253348
84 263.7795148577009
85 337.05641392299106
86 282.5128479003906
87 283.6847577776228
88 307.1416021628329
89 325.1312255859375
90 302.2343183244978
92 288.4298880440848
93 313.81937081473217
94 291.590087890625
95 261.2528621128627
96 279.43951416015625
