0 163.47337341308594
1 205.25936889648438
2 221.81295776367188
3 224.58416748046875
4 227.08880615234375
5 227.37149047851562
6 227.4668731689453
7 229.57781982421875
8 230.99777221679688
9 231.01182556152344
10 231.42034912109375
11 233.06895446777344
12 233.19137573242188
13 233.4028778076172
14 233.49781799316406
15 234.9250946044922
16 235.20098876953125
17 235.20098876953125
18 235.22679138183594
19 235.53286743164062
20 236.0211639404297
21 238.1382293701172
22 238.3402557373047
23 238.8033447265625
24 239.01824951171875
25 239.21434020996094
26 239.94631958007812
27 240.91566467285156
28 241.1536865234375
29 241.48211669921875
