0 214.23512268066406
1 215.17178344726562
2 218.0926513671875
3 220.91632080078125
4 224.3197479248047
5 227.91490173339844
6 228.98464965820312
7 231.03509521484375
8 231.89163208007812
9 234.67379760742188
10 238.08447265625
11 238.86578369140625
12 238.89584350585938
13 239.4045867919922
14 239.41970825195312
15 240.10348510742188
16 240.4414520263672
17 240.89332580566406
18 241.23529052734375
19 241.8112030029297
20 241.8666534423828
21 242.0998077392578
22 243.60211181640625
23 244.66741943359375
24 244.67578125
25 246.7002410888672
26 246.72840881347656
27 247.6497344970703
28 247.84803771972656
29 249.0107421875
