0 239.00613403320312
1 239.3012237548828
2 241.82252502441406
3 241.88858032226562
4 243.40985107421875
5 246.08233642578125
6 246.09783935546875
7 247.9243927001953
8 248.46566772460938
9 248.5189666748047
10 248.85110473632812
11 249.96218872070312
12 250.43971252441406
13 250.6885986328125
14 251.67672729492188
15 251.85348510742188
16 252.02175903320312
17 252.08056640625
18 252.1243133544922
19 252.17318725585938
20 252.38866490426503
21 252.77687072753906
22 252.79400634765625
23 252.809814453125
24 253.8931884765625
25 254.27963256835938
26 254.5812530517578
27 254.6536407470703
28 254.91845703125
29 255.34579467773438
