0 193.864990234375
1 197.84283447265625
2 199.91110229492188
3 201.47035217285156
4 201.99172973632812
5 203.68881225585938
6 205.26788330078125
7 207.8106231689453
8 208.13180541992188
9 209.04257202148438
10 211.54067993164062
11 213.0924072265625
12 213.88027954101562
13 214.40383911132812
14 216.37054443359375
15 217.532958984375
16 217.88706970214844
17 218.95672607421875
18 219.52828979492188
19 219.92642211914062
20 222.62953186035156
21 223.93704223632812
22 225.15631103515625
23 225.55369567871094
24 226.54421997070312
25 227.69039916992188
26 228.4175567626953
27 231.92666625976562
28 232.20860290527344
29 233.0013427734375
