0 183.1005859375
1 213.52471923828125
2 226.86199951171875
3 228.33047485351562
4 230.9472198486328
5 234.170654296875
6 235.02914428710938
7 235.19210815429688
8 238.413330078125
9 240.17691040039062
10 240.4250030517578
11 240.53445434570312
12 240.89682006835938
13 241.55352783203125
14 242.53195190429688
15 243.97979736328125
16 244.50516984400713
17 244.6768035888672
18 244.81997680664062
19 244.88003540039062
20 246.86090087890625
21 247.726318359375
22 248.18701171875
23 248.5009307861328
24 248.62545776367188
25 248.66712951660156
26 250.33248901367188
27 250.53001403808594
28 250.80023193359375
29 250.82952880859375
