0 202.26654052734375
1 211.5404052734375
2 214.16688537597656
3 216.43453979492188
4 218.12579345703125
5 218.97398376464844
6 219.15609741210938
7 219.5833740234375
8 220.6041259765625
9 221.63758850097656
10 221.85671997070312
11 221.9481658935547
12 223.85818481445312
13 226.0719757080078
14 226.3049774169922
15 226.92469787597656
16 227.34979248046875
17 227.40707397460938
18 227.49752807617188
19 227.75564575195312
20 228.0897674560547
21 228.25604248046875
22 228.35910034179688
23 228.765625
24 230.06495666503906
25 230.53553771972656
26 230.7198028564453
27 231.43577575683594
28 231.61685180664062
29 231.7714385986328
