0 207.0642852783203
1 209.77877807617188
2 210.80836486816406
3 211.2001953125
4 211.27867126464844
5 212.2767333984375
6 212.35108947753906
7 216.40811157226562
8 219.71934509277344
9 220.7949981689453
10 221.5327911376953
11 221.74490356445312
12 222.136474609375
13 222.28970336914062
14 222.2914581298828
15 222.75794982910156
16 222.88711547851562
17 224.3798828125
18 224.61973571777344
19 224.75689697265625
20 225.18263244628906
21 225.67437744140625
22 225.88485717773438
23 226.14663696289062
24 226.1678924560547
25 226.2344970703125
26 226.4428253173828
27 226.992431640625
28 227.01754760742188
29 227.26943969726562
