0 198.0627899169922
1 201.47401428222656
2 205.39501953125
3 211.65199279785156
4 211.73004150390625
5 214.2702178955078
6 215.5535125732422
7 218.5464039636388
8 220.5415802001953
9 220.81082153320312
10 222.41867065429688
11 222.603759765625
12 224.50418090820312
13 224.6241455078125
14 224.6768341064453
15 226.41490173339844
16 227.20118713378906
17 227.4021759033203
18 227.87269592285156
19 228.44204711914062
20 229.13348388671875
21 229.92225646972656
22 230.62535095214844
23 231.05526733398438
24 231.19309997558594
25 231.39442443847656
26 233.23936462402344
27 233.9129638671875
28 236.4815673828125
29 236.6100616455078
