0 223.11196899414062
1 231.47303771972656
2 233.83807373046875
3 233.87123107910156
4 240.0328369140625
5 243.5724334716797
6 244.73121643066406
7 244.8137969970703
8 247.45767211914062
9 248.1132354736328
10 248.44276428222656
11 248.57284545898438
12 250.03436279296875
13 251.10409545898438
14 251.4286346435547
15 251.61807250976562
16 251.89984130859375
17 251.95132446289062
18 253.29908752441406
19 254.81536865234375
20 256.1366882324219
21 256.27081298828125
22 256.5662841796875
23 256.7266540527344
24 256.7406921386719
25 256.9491882324219
26 257.4281005859375
27 257.7697448730469
28 258.2959899902344
29 258.82940673828125
