0 185.77296447753906
1 204.46343994140625
2 205.76007080078125
3 205.76007080078125
4 211.05638122558594
5 211.45205688476562
6 211.596923828125
7 214.28750610351562
8 215.67254638671875
9 217.4478302001953
10 219.71408081054688
11 221.11993408203125
12 221.3448486328125
13 225.3575439453125
14 225.68206787109375
15 226.06629943847656
16 226.39845121633672
17 226.40493774414062
18 226.61375427246094
19 226.63050842285156
20 226.6753692626953
21 227.18850007052995
22 229.3709259033203
23 229.70675659179688
24 230.1290740966797
25 230.71868896484375
26 230.72860717773438
27 231.82443237304688
28 232.1710205078125
29 232.56494140625
