0 188.58221435546875
1 204.3384246826172
2 213.92507934570312
3 218.7344512939453
4 222.58192443847656
5 224.0401611328125
6 224.1636962890625
7 224.17953491210938
8 224.51510620117188
9 225.92547607421875
10 226.18948364257812
11 226.59182739257812
12 227.02015686035156
13 227.11618041992188
14 227.13165283203125
15 227.59597778320312
16 227.77215576171875
17 227.83197021484375
18 229.04552433709515
19 229.28070068359375
20 229.36346435546875
21 229.916748046875
22 230.14837646484375
23 230.28680419921875
24 230.69326782226562
25 230.8347625732422
26 230.83782958984375
27 230.85089111328125
28 231.7542724609375
29 231.791015625
