0 222.501953125
1 225.70623779296875
2 229.27798461914062
3 229.71397399902344
4 232.81202697753906
5 233.7089385986328
6 241.9578094482422
7 241.99160766601562
8 242.17794799804688
9 242.97305297851562
10 243.75572204589844
11 244.71755981445312
12 245.30667114257812
13 246.13502502441406
14 246.75973510742188
15 248.060791015625
16 248.91238403320312
17 249.170667112169
18 249.1788787841797
19 250.46664428710938
20 250.6000518798828
21 250.654296875
22 251.49575805664062
23 251.500244140625
24 251.95712280273438
25 253.60260009765625
26 254.4937744140625
27 254.6251220703125
28 254.8925018310547
29 255.31594848632812
