0 269.09954833984375
1 273.56610107421875
2 275.33526611328125
3 278.52862548828125
4 284.0484924316406
5 285.5909729003906
6 286.94647216796875
7 291.2509765625
8 291.8992919921875
9 292.6710205078125
10 292.80828857421875
11 292.9220886230469
12 294.29425048828125
13 294.42828369140625
14 294.4761962890625
15 295.4676513671875
16 295.90289306640625
17 296.1004638671875
18 296.292236328125
19 297.0735778808594
20 297.12884521484375
21 297.5185546875
22 298.8507995605469
23 299.084716796875
24 300.3294982910156
25 300.802734375
26 301.9869079589844
27 302.04229736328125
28 302.13543701171875
29 302.7371826171875
