0 211.66859436035156
1 224.53302001953125
2 225.98153686523438
3 231.771728515625
4 233.66372680664062
5 238.13839721679688
6 239.30824279785156
7 242.48678588867188
8 243.0699920654297
9 244.88754272460938
10 246.20166015625
11 246.5774688720703
12 247.16082763671875
13 247.5030517578125
14 247.72958374023438
15 248.57843017578125
16 249.4980010986328
17 249.8782196044922
18 249.95941162109375
19 250.1086883544922
20 250.12411499023438
21 250.1385040283203
22 250.79385375976562
23 251.25833129882812
24 251.70791625976562
25 251.71400451660156
26 252.02474975585938
27 252.48440551757812
28 252.7464141845703
29 252.97352600097656
