0 209.77700805664062
1 217.26785278320312
2 217.86448669433594
3 218.93328857421875
4 223.7449188232422
5 224.05050659179688
6 229.88360595703125
7 231.86676025390625
8 235.3031005859375
9 236.48089599609375
10 236.98284912109375
11 237.20953369140625
12 237.65850830078125
13 237.89328002929688
14 238.52357482910156
15 240.0816650390625
16 240.1583709716797
17 240.1583709716797
18 241.31463623046875
19 242.07736206054688
20 243.10841729129672
21 243.2092742919922
22 243.21847534179688
23 243.22601318359375
24 244.2936553955078
25 244.3511505126953
26 244.71624755859375
27 244.94244384765625
28 245.44244384765625
29 245.7001495361328
