0 209.28366088867188
1 211.9491729736328
2 219.62359619140625
3 220.73094177246094
4 224.19606018066406
5 225.67538452148438
6 226.08026123046875
7 226.16036987304688
8 227.47137451171875
9 229.4046630859375
10 229.93019104003906
11 231.26312255859375
12 231.81640625
13 232.2212371826172
14 232.88243103027344
15 232.9764862060547
16 233.08091735839844
17 233.80374145507812
18 234.70950317382812
19 235.02798461914062
20 235.32296752929688
21 235.46566772460938
22 236.69496154785156
23 236.72579956054688
24 238.56959533691406
25 238.66964721679688
26 238.6832275390625
27 238.92332458496094
28 238.94656372070312
29 239.04420471191406
