0 206.4608154296875
1 209.96975708007812
2 210.23638916015625
3 211.49427795410156
4 213.2096405029297
5 218.024658203125
6 218.0634002685547
7 218.0634002685547
8 218.59349060058594
9 219.10037231445312
10 219.5622100830078
11 220.22055053710938
12 220.35592651367188
13 220.80282592773438
14 221.33514404296875
15 221.3676300048828
16 221.6796875
17 221.81805419921875
18 221.82022094726562
19 222.09034729003906
20 223.32774353027344
21 224.11758422851562
22 224.18313598632812
23 224.41610717773438
24 224.48948669433594
25 224.55181884765625
26 224.9992218017578
27 225.10009765625
28 225.5526580810547
29 226.19332885742188
