0 193.30123901367188
1 210.40896606445312
2 224.88947553152718
3 230.55288696289062
4 230.81341552734375
5 233.60885620117188
6 234.67153930664062
7 234.78945922851562
8 235.72927856445312
9 236.63250732421875
10 236.677734375
11 236.86663818359375
12 238.44137573242188
13 238.6553955078125
14 238.66934204101562
15 238.7034912109375
16 238.87173461914062
17 240.32855224609375
18 241.17543029785156
19 241.414306640625
20 241.42807006835938
21 241.4846954345703
22 241.48495483398438
23 241.61965942382812
24 241.76766967773438
25 242.09307861328125
26 242.14852905273438
27 242.25851440429688
28 242.30133056640625
29 242.53814697265625
