0 195.3194122314453
1 195.40570068359375
2 198.96383666992188
3 203.68922424316406
4 204.0850372314453
5 206.1023406982422
6 206.13510131835938
7 206.16294860839844
8 206.17510986328125
9 206.40542602539062
10 206.80502319335938
11 207.1906280517578
12 207.25184631347656
13 207.66018676757812
14 207.7115478515625
15 209.14785766601562
16 209.71951293945312
17 209.73208618164062
18 209.93841552734375
19 210.27684020996094
20 210.42762756347656
21 210.47677612304688
22 210.895263671875
23 211.1233367919922
24 211.34573364257812
25 211.47267150878906
26 211.86521911621094
27 213.40724182128906
28 213.5242919921875
29 213.5789031982422
