0 231.48020935058594
1 235.56210327148438
2 235.70144653320312
3 236.58665466308594
4 237.77447509765625
5 237.95077514648438
6 239.450439453125
7 239.76145935058594
8 241.49295043945312
9 241.60589599609375
10 242.20603942871094
11 243.67483520507812
12 243.68101501464844
13 244.20089721679688
14 245.0318603515625
15 245.24847412109375
16 245.41265869140625
17 245.62835693359375
18 245.75784301757812
19 245.8267822265625
20 245.8267822265625
21 245.99705505371094
22 246.62399291992188
23 247.18951416015625
24 247.38345336914062
25 248.05555725097656
26 248.12472534179688
27 248.52357482910156
28 248.89500427246094
29 249.16677856445312
