0 176.68533325195312
1 182.07566833496094
2 182.14207458496094
3 183.14410400390625
4 183.4336700439453
5 183.8961181640625
6 184.32156372070312
7 184.47470092773438
8 184.58645629882812
9 184.6824493408203
10 185.18795776367188
11 185.58758544921875
12 186.00242614746094
13 186.29483032226562
14 187.17642211914062
15 187.3988800048828
16 187.48828125
17 187.7338104248047
18 188.9479217529297
19 189.18309020996094
20 189.19512939453125
21 189.3889617919922
22 189.46060180664062
23 190.05613708496094
24 190.6433868408203
25 191.04949951171875
26 191.2036895751953
27 191.22837829589844
28 191.47604370117188
29 191.81906127929688
