0 210.45005798339844
1 210.7108154296875
2 210.76907348632812
3 211.98056030273438
4 212.01023864746094
5 212.9165802001953
6 214.60714721679688
7 215.0672149658203
8 215.7668914794922
9 216.1932830810547
10 216.63702392578125
11 216.99566650390625
12 217.16946411132812
13 217.3140869140625
14 218.73834228515625
15 219.51339721679688
16 220.1735382080078
17 220.68136596679688
18 220.77578735351562
19 223.2995147705078
20 223.72080993652344
21 224.14810180664062
22 224.22686767578125
23 224.3654022216797
24 224.4230230668183
25 224.68832397460938
26 224.78524780273438
27 226.12631225585938
28 226.51922607421875
29 226.71290588378906
