0 269.0398864746094
1 270.5436096191406
2 270.65106201171875
3 273.0325927734375
4 273.0325927734375
5 273.40618896484375
6 275.4613037109375
7 275.82708740234375
8 276.1119079589844
9 277.7735900878906
10 278.4515075683594
11 278.9081726074219
12 279.5449523925781
13 280.218994140625
14 281.8926086425781
15 281.97747802734375
16 282.2725524902344
17 282.81658935546875
18 282.8411865234375
19 283.01580810546875
20 283.2308044433594
21 283.3528137207031
22 283.36029052734375
23 283.70538330078125
24 283.9200439453125
25 284.07769775390625
26 284.64501953125
27 285.400146484375
28 285.51031494140625
29 285.7730407714844
