0 183.47720336914062
1 189.066650390625
2 189.62930297851562
3 189.7449188232422
4 189.8831024169922
5 190.21946716308594
6 190.981689453125
7 192.00660705566406
8 192.04917907714844
9 192.10971069335938
10 192.64849853515625
11 192.78286743164062
12 192.96368408203125
13 192.97128295898438
14 193.10069274902344
15 193.51376342773438
16 193.5812225341797
17 193.6414031982422
18 193.91510009765625
19 194.0165557861328
20 194.0437469482422
21 194.12142944335938
22 194.27853393554688
23 195.2088623046875
24 195.54798889160156
25 195.59164428710938
26 196.3472442626953
27 196.58140563964844
28 197.01560974121094
29 197.3180389404297
