0 189.40499877929688
1 192.65442385956322
2 202.61924743652344
3 208.00701904296875
4 208.81871032714844
5 208.87054443359375
6 211.96401977539062
7 212.085693359375
8 212.74942016601562
9 212.88478088378906
10 213.09642028808594
11 213.77633666992188
12 214.4413604736328
13 214.69424438476562
14 215.4267120361328
15 215.55580139160156
16 215.62472534179688
17 215.92123413085938
18 216.24337768554688
19 216.59910583496094
20 216.9892120361328
21 218.69871520996094
22 219.03872680664062
23 219.46092224121094
24 219.7208251953125
25 220.1337432861328
26 220.14073181152344
27 220.511474609375
28 220.82708740234375
29 220.94801330566406
