0 246.24322509765625
1 252.1860809326172
2 262.59381103515625
3 266.87506103515625
4 267.41431828028595
5 267.4611511230469
6 267.9769592285156
7 268.13055419921875
8 268.3256232573626
9 269.42047119140625
10 272.45159912109375
11 272.50555419921875
12 274.339599609375
13 274.50006103515625
14 275.14056396484375
15 275.7037658691406
16 277.1033935546875
17 277.48919677734375
18 278.23095703125
19 278.60028076171875
20 278.8088073730469
21 278.83856201171875
22 279.6741638183594
23 281.06207275390625
24 282.75445556640625
25 283.05755615234375
26 284.25579833984375
27 285.1182861328125
28 286.17877197265625
29 286.2388610839844
