0 207.54727172851562
1 208.23309326171875
2 208.2934112548828
3 211.6937255859375
4 218.87612915039062
5 219.66180419921875
6 220.40846252441406
7 220.79774475097656
8 221.32528686523438
9 222.98594665527344
10 223.10150146484375
11 223.54733276367188
12 223.96539306640625
13 224.51211547851562
14 226.44801330566406
15 226.9257049560547
16 227.38958740234375
17 227.4011688232422
18 227.6363067626953
19 227.79339599609375
20 228.1834259033203
21 228.24151611328125
22 228.39682006835938
23 228.7014923095703
24 229.1727294921875
25 229.5716552734375
26 229.6475830078125
27 230.32333374023438
28 230.5876613118417
29 230.71279907226562
