0 246.2024688720703
1 265.6828918457031
2 267.1055908203125
3 274.4347839355469
4 275.1056823730469
5 276.48040771484375
6 278.2608642578125
7 278.7456970214844
8 279.33843994140625
9 279.4250183105469
10 281.9411926269531
11 282.6918640136719
12 283.36810302734375
13 283.492431640625
14 284.47259521484375
15 284.56103515625
16 285.0057067871094
17 286.009033203125
18 287.8193359375
19 287.86822509765625
20 288.4773254394531
21 288.6054382324219
22 288.6292724609375
23 289.6343994140625
24 289.8426513671875
25 290.86895751953125
26 291.1998291015625
27 291.7425842285156
28 292.0173645019531
29 293.53704833984375
