0 205.48370361328125
1 213.9926300048828
2 215.86605834960938
3 217.10531616210938
4 218.30169677734375
5 220.20443725585938
6 222.23988342285156
7 224.59115600585938
8 225.17474365234375
9 225.60699462890625
10 225.88406372070312
11 225.93861389160156
12 226.09976196289062
13 226.56211853027344
14 227.4981689453125
15 227.8101043701172
16 228.5723114013672
17 228.92050170898438
18 229.04185485839844
19 229.4353790283203
20 229.4697723388672
21 230.36305236816406
22 230.54388427734375
23 230.7254638671875
24 231.1060333251953
25 231.3995361328125
26 231.52304077148438
27 231.96507263183594
28 232.07872009277344
29 232.4259796142578
