0 211.41534423828125
1 235.7725830078125
2 237.25271606445312
3 243.66983032226562
4 244.45285034179688
5 245.28292846679688
6 246.2603302001953
7 249.1814727783203
8 252.44622802734375
9 253.3538360595703
10 254.6112060546875
11 258.24652099609375
12 258.2492370605469
13 258.8997497558594
14 259.1536865234375
15 259.6692199707031
16 260.8288269042969
17 261.86309814453125
18 262.0299072265625
19 262.2123718261719
20 262.73486328125
21 263.6261291503906
22 263.83148193359375
23 263.8594665527344
24 265.8997802734375
25 266.8974914550781
26 267.4986877441406
27 267.66387939453125
28 267.78271484375
29 268.0602722167969
