0 229.60198974609375
1 234.25784301757812
2 237.02296447753906
3 237.53895568847656
4 238.08726501464844
5 241.70465087890625
6 242.7720489501953
7 243.24192810058594
8 244.2140350341797
9 244.5394287109375
10 244.61572265625
11 245.78103637695312
12 246.69025882625252
13 247.42311096191406
14 247.876953125
15 248.17739868164062
16 248.4212646484375
17 248.50204467773438
18 248.81153869628906
19 249.06987061587824
20 249.511962890625
21 250.34561157226562
22 250.76058959960938
23 250.9228057861328
24 251.96197509765625
25 252.2823486328125
26 252.38919067382812
27 253.5272216796875
28 254.07635498046875
29 254.52279663085938
