0 219.61819458007812
1 254.85455322265625
2 255.64425659179688
3 260.160400390625
4 265.1781921386719
5 265.6330871582031
6 266.3858642578125
7 267.53594970703125
8 271.0327453613281
9 273.43402099609375
10 274.00286865234375
11 275.6182861328125
12 277.0094299316406
13 279.2707404885199
14 280.3753662109375
15 280.75909423828125
16 281.3529052734375
17 282.3525085449219
18 282.9954473363081
19 284.0493469238281
20 284.71697998046875
21 284.86370849609375
22 284.895263671875
23 284.9046630859375
24 285.499267578125
25 286.66314697265625
26 286.7465515136719
27 287.9320373535156
28 287.96728515625
29 288.0662536621094
