0 201.7166748046875
1 233.0043487548828
2 238.08705139160156
3 240.663818359375
4 242.40838623046875
5 244.7213134765625
6 246.55690002441406
7 249.42141723632812
8 249.52182006835938
9 249.85574340820312
10 251.1237030029297
11 252.25621032714844
12 252.72532653808594
13 253.66867065429688
14 254.15773010253906
15 254.49215698242188
16 254.59207153320312
17 255.13827514648438
18 255.17623901367188
19 255.26055223412197
20 256.1982727050781
21 256.3026428222656
22 256.69384765625
23 257.4754638671875
24 257.5267639160156
25 258.853271484375
26 259.1133117675781
27 259.3423156738281
28 260.0967712402344
29 260.30859375
