0 200.46322631835938
1 203.6213836669922
2 203.6846160888672
3 205.62869262695312
4 206.56260681152344
5 206.9196014404297
6 207.03314208984375
7 207.08642578125
8 207.8481903076172
9 208.26467895507812
10 208.42825317382812
11 208.75048828125
12 209.17822265625
13 209.34820556640625
14 209.39891052246094
15 209.4077911376953
16 210.55885314941406
17 210.7307586669922
18 211.8666229248047
19 211.8907470703125
20 211.96923828125
21 212.0069580078125
22 212.32565307617188
23 212.9857635498047
24 213.4274139404297
25 213.78826904296875
26 213.84530639648438
27 214.30984497070312
28 214.8233642578125
29 215.12755717908783
