0 197.85049438476562
1 200.03213500976562
2 200.62796020507812
3 206.36166381835938
4 207.46337890625
5 208.75711059570312
6 210.2486114501953
7 210.29420471191406
8 210.5890350341797
9 210.90625
10 212.12159729003906
11 212.12457275390625
12 212.8023223876953
13 220.92431640625
14 221.46337890625
15 223.79925537109375
16 225.04730224609375
17 226.6717987060547
18 227.6114501953125
19 227.8950958251953
20 230.66653442382812
21 230.78366088867188
22 230.8429718017578
23 231.33926391601562
24 231.63882446289062
25 231.7660369873047
26 232.1988525390625
27 232.25579833984375
28 232.36178588867188
29 232.54888916015625
