0 146.08956909179688
1 201.48391723632812
2 203.1809844970703
3 207.09950256347656
4 208.380126953125
5 209.9102783203125
6 212.57872009277344
7 212.9939727783203
8 213.4014892578125
9 214.20693969726562
10 215.29469299316406
11 215.66578674316406
12 216.32656860351562
13 216.51986694335938
14 217.4510040283203
15 217.7100067138672
16 218.70407104492188
17 218.82492065429688
18 218.9893798828125
19 219.38558959960938
20 221.02560424804688
21 221.216552734375
22 221.37245178222656
23 223.0431671142578
24 223.40357971191406
25 223.9792938232422
26 224.00570678710938
27 224.052001953125
28 224.23904418945312
29 224.30935668945312
