0 193.74420166015625
1 209.31845092773438
2 210.98406982421875
3 212.04248046875
4 212.35745239257812
5 212.92713928222656
6 213.81919860839844
7 217.646484375
8 218.63967895507812
9 219.23402404785156
10 219.36050415039062
11 219.48208618164062
12 219.89260864257812
13 219.93389892578125
14 220.83023071289062
15 220.84600830078125
16 221.40618896484375
17 221.54306030273438
18 222.0855712890625
19 222.15765380859375
20 222.70433044433594
21 222.7495880126953
22 223.2301788330078
23 223.30523681640625
24 223.50442504882812
25 223.51470947265625
26 224.3376007080078
27 225.8050994873047
28 226.58212280273438
29 226.85777282714844
