0 212.072265625
1 213.71084594726562
2 215.53817749023438
3 216.81930541992188
4 219.61148071289062
5 219.90097045898438
6 222.6206817626953
7 222.8992919921875
8 224.52639770507812
9 225.20651245117188
10 227.23406982421875
11 228.6967315673828
12 229.592529296875
13 229.8020782470703
14 231.16595458984375
15 231.83358764648438
16 232.28292846679688
17 232.4938507080078
18 232.75042724609375
19 233.47557067871094
20 234.505615234375
21 234.955078125
22 235.14608764648438
23 235.79232788085938
24 235.79296875
25 237.586181640625
26 237.72857666015625
27 237.96206665039062
28 238.07635498046875
29 238.1043243408203
