0 258.8090515136719
1 263.57904052734375
2 267.0496520996094
3 267.948486328125
4 268.27288818359375
5 268.4560546875
6 272.8638916015625
7 274.3125
8 274.8468933105469
9 276.7042236328125
10 276.7374267578125
11 276.9485168457031
12 277.3481140136719
13 278.3651123046875
14 278.6116638183594
15 278.7197265625
16 279.1589660644531
17 279.757080078125
18 280.0346374511719
19 281.2462158203125
20 281.3522644042969
21 281.3547058105469
22 282.75592041015625
23 282.78375244140625
24 283.2686767578125
25 283.7269287109375
26 283.872314453125
27 284.11334228515625
28 284.241943359375
29 284.4746398925781
