0 212.5164031982422
1 220.54527282714844
2 229.2530517578125
3 241.80276489257812
4 246.01353454589844
5 247.02183532714844
6 247.65435791015625
7 248.3533935546875
8 248.59194946289062
9 248.8580322265625
10 250.765625
11 251.22927856445312
12 251.43055725097656
13 252.33255004882812
14 253.0254364013672
15 254.13525390625
16 255.1847381591797
17 256.3052062988281
18 256.3819274902344
19 257.619873046875
20 257.7530517578125
21 258.16778564453125
22 258.532470703125
23 258.63177490234375
24 259.1174011230469
25 259.3686218261719
26 259.50433349609375
27 259.5314025878906
28 260.39678955078125
29 261.16119384765625
