0 187.8419189453125
1 190.5792236328125
2 191.5826416015625
3 193.2093048095703
4 194.14724731445312
5 194.6808624267578
6 195.470947265625
7 195.96798706054688
8 196.37667846679688
9 196.91444396972656
10 197.72256469726562
11 198.70323181152344
12 199.27719116210938
13 199.66392517089844
14 199.6813201904297
15 199.9846954345703
16 200.25880432128906
17 200.80075073242188
18 201.34523010253906
19 201.67132568359375
20 201.79342651367188
21 202.45919799804688
22 202.67620849609375
23 202.76947021484375
24 203.0654754638672
25 203.09716796875
26 203.5570831298828
27 203.59681701660156
28 203.63343811035156
29 203.636474609375
