0 169.64682006835938
1 170.86270141601562
2 180.31715393066406
3 182.66607666015625
4 183.4888916015625
5 183.6852569580078
6 187.08285522460938
7 188.91879272460938
8 189.11456298828125
9 189.24447631835938
10 189.29110717773438
11 189.3061981201172
12 189.4939727783203
13 189.6308135986328
14 191.37692260742188
15 191.81875610351562
16 192.0258331298828
17 192.2206268310547
18 192.3007354736328
19 192.30384826660156
20 192.3428192138672
21 192.8656768798828
22 192.91842651367188
23 193.0504913330078
24 193.51043701171875
25 194.0037384033203
26 194.18130493164062
27 194.52947998046875
28 194.90379333496094
29 194.9630126953125
