0 240.12608337402344
1 245.1475830078125
2 247.0491180419922
3 248.64820861816406
4 248.8182373046875
5 249.09381103515625
6 249.2089385986328
7 251.61221313476562
8 253.50440979003906
9 253.596435546875
10 253.60450744628906
11 254.08560180664062
12 255.66702270507812
13 255.70472717285156
14 256.0516357421875
15 256.60498046875
16 257.85302734375
17 257.9565124511719
18 258.06396484375
19 258.29888916015625
20 259.9036865234375
21 260.0589599609375
22 260.0910949707031
23 260.123046875
24 260.21868896484375
25 260.2621154785156
26 260.68927001953125
27 260.7419738769531
28 261.2442626953125
29 261.8476867675781
