0 219.90647888183594
1 222.36927795410156
2 224.54495239257812
3 226.703857421875
4 228.05116271972656
5 229.4207763671875
6 231.0725860595703
7 233.09140014648438
8 233.48435974121094
9 233.8145751953125
10 235.18301391601562
11 235.25595092773438
12 235.3720703125
13 235.62445068359375
14 237.8948516845703
15 238.44522094726562
16 239.68350219726562
17 239.80738830566406
18 240.26626164636474
19 240.6072998046875
20 240.78880678538448
21 241.17391967773438
22 243.93048095703125
23 245.0135498046875
24 245.41217041015625
25 247.29251098632812
26 247.54736328125
27 247.6463165283203
28 247.9156951904297
29 249.1745147705078
