0 189.32493591308594
1 190.850830078125
2 199.06072998046875
3 200.92425537109375
4 203.1260986328125
5 204.64804077148438
6 204.8153076171875
7 206.2572021484375
8 206.92410278320312
9 207.80577087402344
10 208.40098571777344
11 208.47763061523438
12 209.81344604492188
13 210.51663208007812
14 210.96372985839844
15 211.1179962158203
16 211.74313354492188
17 212.0390625
18 212.42004841788912
19 212.95248413085938
20 213.6776123046875
21 214.168212890625
22 214.3250732421875
23 214.6781463623047
24 214.87246704101562
25 214.954833984375
26 215.14492797851562
27 215.1551055908203
28 215.3123779296875
29 215.35623168945312
