0 194.79983520507812
1 227.26663208007812
2 231.13055419921875
3 239.58541870117188
4 240.49029541015625
5 241.26092529296875
6 244.65853881835938
7 246.09207153320312
8 249.2686767578125
9 249.70408630371094
10 249.81585693359375
11 250.6751251220703
12 250.70916748046875
13 251.45230102539062
14 251.5355987548828
15 251.96444702148438
16 253.09141540527344
17 254.08828735351562
18 254.2693328857422
19 254.27865600585938
20 254.6165771484375
21 256.26776123046875
22 256.3414306640625
23 256.84210205078125
24 257.1908264160156
25 257.3820495605469
26 257.6087646484375
27 257.8445129394531
28 258.4992980957031
29 258.52215576171875
