0 206.04510498046875
1 206.13587951660156
2 206.852783203125
3 217.61492919921875
4 220.39273071289062
5 223.21261596679688
6 225.4840850830078
7 228.00270080566406
8 228.40768432617188
9 228.69235229492188
10 229.43072509765625
11 229.94544857079745
12 231.15914916992188
13 231.26358032226562
14 231.54519653320312
15 232.96957397460938
16 234.130615234375
17 235.10281372070312
18 235.80291748046875
19 236.08473205566406
20 237.31146240234375
21 237.79315185546875
22 238.11309814453125
23 239.12850952148438
24 239.64752197265625
25 239.92408752441406
26 239.96095275878906
27 240.5023956298828
28 240.60940551757812
29 241.79620361328125
