0 226.81512451171875
1 237.24436950683594
2 240.9707794189453
3 242.37197875976562
4 243.06707763671875
5 245.13778686523438
6 246.68447875976562
7 247.48110961914062
8 248.5546875
9 248.83184814453125
10 249.227294921875
11 249.4815673828125
12 250.00537109375
13 250.28134155273438
14 250.4842071533203
15 252.0380401611328
16 253.45242309570312
17 253.9593048095703
18 255.4145965576172
19 255.96975708007812
20 256.3475646972656
21 256.3976745605469
22 256.7109375
23 257.402587890625
24 257.46405029296875
25 257.6802673339844
26 257.902099609375
27 258.1982421875
28 258.23443603515625
29 258.95831298828125
