0 232.43667602539062
1 232.8245086669922
2 238.4996337890625
3 242.35739135742188
4 243.35423278808594
5 243.5927734375
6 245.1278076171875
7 245.3046875
8 247.70896911621094
9 248.88082885742188
10 249.25328063964844
11 249.35092163085938
12 249.4936086483236
13 249.8229217529297
14 250.50865173339844
15 251.21860208814593
16 251.23617553710938
17 251.54470825195312
18 254.05197143554688
19 254.93701171875
20 255.291015625
21 255.39154052734375
22 255.6719207763672
23 255.7774200439453
24 255.79611206054688
25 256.56439208984375
26 256.765869140625
27 258.1955261230469
28 258.2543640136719
29 258.29510498046875
