0 222.3617401123047
1 229.79278564453125
2 230.8306427001953
3 231.1072998046875
4 232.48446655273438
5 233.16690063476562
6 233.43560791015625
7 233.49728393554688
8 235.4958953857422
9 237.10433959960938
10 237.65126037597656
11 238.10934448242188
12 238.54217529296875
13 239.04200744628906
14 241.26034545898438
15 241.263427734375
16 241.754150390625
17 242.35406494140625
18 242.72579956054688
19 243.25738525390625
20 243.43601989746094
21 243.87283325195312
22 246.55767822265625
23 247.091796875
24 247.734130859375
25 248.40786743164062
26 249.10784912109375
27 250.3277587890625
28 250.63613891601562
29 251.09054565429688
