0 221.54638671875
1 226.5128936767578
2 230.3068868440102
3 231.04177856445312
4 231.16299438476562
5 233.54734802246094
6 234.17312622070312
7 237.40525817871094
8 238.32948303222656
9 238.63714599609375
10 239.30270385742188
11 240.1122283935547
12 241.30245971679688
13 241.41900634765625
14 241.8419189453125
15 242.1001739501953
16 242.26620483398438
17 242.28024291992188
18 242.3113555908203
19 242.56350708007812
20 242.88900756835938
21 242.93994140625
22 243.136962890625
23 243.2505340576172
24 243.41015625
25 243.495361328125
26 244.93606567382812
27 244.97659301757812
28 246.43319702148438
29 246.7051239013672
