0 240.5355682373047
1 242.73374938964844
2 242.86044311523438
3 244.5387883259478
4 251.78688049316406
5 252.28765869140625
6 253.27838134765625
7 253.2866668701172
8 254.26113891601562
9 254.36244201660156
10 254.54978942871094
11 255.21810913085938
12 256.14703369140625
13 256.7785339355469
14 257.3846130371094
15 258.85076904296875
16 258.9727783203125
17 259.4117126464844
18 259.5595397949219
19 260.86090087890625
20 261.828857421875
21 261.938720703125
22 262.2498779296875
23 262.5379333496094
24 263.54559326171875
25 263.8428649902344
26 264.55841064453125
27 265.02325439453125
28 265.30400921252874
29 265.6913146972656
