0 184.77273559570312
1 197.435546875
2 203.24874877929688
3 210.99588012695312
4 214.2079620361328
5 223.8287353515625
6 228.06378173828125
7 228.8517303466797
8 229.06072998046875
9 230.8927459716797
10 231.4388885498047
11 231.76901245117188
12 231.9222412109375
13 232.81607055664062
14 232.99913024902344
15 233.78067016601562
16 234.14688110351562
17 234.3419647216797
18 236.13641357421875
19 236.89642333984375
20 236.9185333251953
21 236.94149780273438
22 237.06785583496094
23 237.30926513671875
24 237.99969482421875
25 238.03399658203125
26 239.3175811767578
27 239.32015991210938
28 239.86270141601562
29 240.34617614746094
