0 211.49591064453125
1 213.23513793945312
2 226.4248809814453
3 227.77645874023438
4 227.94998168945312
5 228.09902954101562
6 228.9835662841797
7 229.17340087890625
8 230.29095458984375
9 230.57235717773438
10 231.43894958496094
11 232.31781005859375
12 232.47305297851562
13 232.8968505859375
14 233.31051635742188
15 233.67295837402344
16 233.74972534179688
17 235.0350799560547
18 235.06661987304688
19 235.29905700683594
20 237.39768981933594
21 237.39962768554688
22 237.6928253173828
23 238.1629638671875
24 238.81211853027344
25 239.39877319335938
26 239.570068359375
27 239.68899536132812
28 239.90606689453125
29 241.56414794921875
