0 221.75747680664062
1 223.9959716796875
2 224.07623291015625
3 225.2842559814453
4 226.04074096679688
5 227.92279052734375
6 231.15415954589844
7 231.40164184570312
8 231.79312133789062
9 232.15821838378906
10 232.85496520996094
11 233.32266235351562
12 233.74359130859375
13 233.8661651611328
14 233.92572021484375
15 234.1121063232422
16 234.99530029296875
17 235.28932189941406
18 235.539794921875
19 235.69659423828125
20 235.89678955078125
21 236.25816345214844
22 236.56900024414062
23 237.4968719482422
24 237.68125915527344
25 237.88241577148438
26 238.08114624023438
27 239.39230346679688
28 239.45330810546875
29 239.59109497070312
