0 214.44920349121094
1 225.02703857421875
2 228.86990356445312
3 229.15509033203125
4 230.02099609375
5 231.65316772460938
6 231.7091827392578
7 232.00680541992188
8 232.7413330078125
9 233.51280212402344
10 234.60800170898438
11 236.0009002685547
12 237.3462677001953
13 238.22164916992188
14 239.7740478515625
15 240.63790893554688
16 240.97377014160156
17 241.2558135986328
18 241.5377197265625
19 241.89306640625
20 242.7827911376953
21 244.51171875
22 245.151611328125
23 245.5880889892578
24 246.0549774169922
25 246.30691528320312
26 246.763671875
27 247.3895721435547
28 249.81198120117188
29 249.8223419189453
