0 204.4659881591797
1 219.44680786132812
2 219.57281494140625
3 222.86276245117188
4 223.16053771972656
5 224.13677978515625
6 225.30706787109375
7 226.8877410888672
8 226.911865234375
9 227.17433166503906
10 230.29046630859375
11 233.22708129882812
12 233.23550415039062
13 233.7966766357422
14 234.07080078125
15 234.84677124023438
16 234.8469696044922
17 235.45526123046875
18 235.5206756591797
19 236.19766235351562
20 237.10398864746094
21 237.3180694580078
22 238.1974334716797
23 238.72341918945312
24 238.78024291992188
25 239.5655975341797
26 239.82025146484375
27 239.97854614257812
28 240.0635072467545
29 240.41363525390625
