0 213.4636215771266
1 215.5956268310547
2 217.0538330078125
3 225.7372589111328
4 228.2582244873047
5 228.27426147460938
6 229.70187377929688
7 231.62762451171875
8 232.33302307128906
9 232.59744262695312
10 234.79562377929688
11 236.29571533203125
12 236.42556762695312
13 236.58078002929688
14 236.587890625
15 237.07986450195312
16 237.1792755126953
17 237.89608764648438
18 239.14022827148438
19 240.0494842529297
20 240.38938903808594
21 240.70411682128906
22 241.37123107910156
23 241.63229370117188
24 243.3367156982422
25 243.9894561767578
26 244.85125732421875
27 245.23422241210938
28 245.373291015625
29 245.95748901367188
