0 184.84194946289062
1 184.8985595703125
2 197.77560424804688
3 199.2796173095703
4 200.54623413085938
5 201.27587890625
6 201.62106323242188
7 201.87942504882812
8 202.79290771484375
9 202.96539306640625
10 203.18890380859375
11 203.80564880371094
12 205.50054931640625
13 207.90908813476562
14 209.60057067871094
15 209.65354919433594
16 210.02798461914062
17 210.8075714111328
18 211.10292053222656
19 212.29405212402344
20 212.4269561767578
21 213.46328735351562
22 213.51092529296875
23 213.76211547851562
24 213.82742309570312
25 214.7554931640625
26 216.16586303710938
27 217.48928833007812
28 217.57350158691406
29 217.7564697265625
