0 231.647216796875
1 251.73377990722656
2 257.21075439453125
3 259.6817626953125
4 265.0528564453125
5 267.6678466796875
6 269.7843017578125
7 270.1502380371094
8 274.53985595703125
9 276.05126953125
10 276.21929931640625
11 276.8998107910156
12 277.019287109375
13 277.019287109375
14 280.20465087890625
15 280.22674560546875
16 281.56805419921875
17 282.1576232910156
18 282.77154541015625
19 283.8219299316406
20 284.10382080078125
21 284.9945983886719
22 285.18182373046875
23 285.400390625
24 285.41839599609375
25 287.3976135253906
26 287.4609680175781
27 287.65869140625
28 287.6866455078125
29 287.99627685546875
