0 167.5293426513672
1 207.06130981445312
2 228.15420532226562
3 229.19500732421875
4 231.22146606445312
5 233.43020629882812
6 233.5591583251953
7 235.76527404785156
8 237.3896484375
9 238.16519165039062
10 238.8646240234375
11 240.10107421875
12 241.62216186523438
13 242.7279052734375
14 243.70840454101562
15 244.0936279296875
16 246.24659729003906
17 247.23831176757812
18 251.8138427734375
19 251.97152709960938
20 252.6368408203125
21 253.09402465820312
22 254.826904296875
23 254.8761444091797
24 255.81617736816406
25 256.18227705747455
26 256.34912109375
27 256.37774658203125
28 257.18206787109375
29 258.0200500488281
