0 207.3634033203125
1 235.23504638671875
2 238.8772430419922
3 239.1414031982422
4 239.9042205810547
5 242.40782165527344
6 243.75347900390625
7 245.14601135253906
8 246.02053833007812
9 247.59274291992188
10 253.475830078125
11 253.64654541015625
12 253.71144104003906
13 254.7711639404297
14 256.51416015625
15 256.7253723144531
16 257.1665344238281
17 257.3922119140625
18 257.8646777190687
19 258.631103515625
20 258.8299560546875
21 258.95379638671875
22 259.39361572265625
23 259.8346252441406
24 259.98492431640625
25 260.3994445800781
26 260.826904296875
27 260.8564453125
28 261.2270202636719
29 261.88323974609375
