0 197.05557250976562
1 201.09420776367188
2 201.36129760742188
3 206.72860717773438
4 206.84133911132812
5 209.18495178222656
6 210.16189575195312
7 210.38983154296875
8 210.92530822753906
9 210.94464111328125
10 211.23888705838073
11 211.6227264404297
12 211.79733276367188
13 212.0294647216797
14 212.21029663085938
15 212.33206176757812
16 213.17205810546875
17 213.32872009277344
18 214.39907836914062
19 214.43116760253906
20 214.4483642578125
21 215.04611206054688
22 216.2301788330078
23 216.29501342773438
24 217.0792694091797
25 217.27117919921875
26 217.47213745117188
27 217.55384826660156
28 218.14926147460938
29 218.16539001464844
