0 253.11769104003906
1 256.20648193359375
2 258.2925720214844
3 261.0382080078125
4 261.3138427734375
5 261.822265625
6 263.527587890625
7 264.1966552734375
8 264.44622802734375
9 265.19622802734375
10 265.53070068359375
11 265.9505310058594
12 266.000244140625
13 266.7446594238281
14 268.0269775390625
15 269.10321044921875
16 269.15380859375
17 269.31243896484375
18 269.63958740234375
19 269.7163391113281
20 269.9981384277344
21 270.77484130859375
22 271.9130554199219
23 272.0627746582031
24 272.078369140625
25 272.3555603027344
26 272.41741943359375
27 272.5863342285156
28 272.73297119140625
29 273.8687744140625
