0 233.4088134765625
1 235.9156951904297
2 237.92782592773438
3 245.6192626953125
4 251.3199920654297
5 251.68780517578125
6 252.52261352539062
7 253.31761169433594
8 253.61204528808594
9 255.69778442382812
10 256.1843566894531
11 257.3205261230469
12 257.74884033203125
13 257.7575988769531
14 259.8953552246094
15 260.55755615234375
16 260.8799743652344
17 261.17595122042405
18 261.2864074707031
19 262.442138671875
20 262.6728820800781
21 263.248046875
22 263.8638916015625
23 264.0600891113281
24 264.5283508300781
25 264.64501953125
26 264.93170166015625
27 265.6686706542969
28 266.2086181640625
29 266.2303161621094
