0 252.8883056640625
1 254.3148193359375
2 255.19203186035156
3 256.9851379394531
4 259.0602111816406
5 260.48760986328125
6 260.8229064941406
7 261.24993896484375
8 262.3974304199219
9 263.3258056640625
10 263.6703186035156
11 263.92913818359375
12 264.37060546875
13 264.58892822265625
14 264.6029968261719
15 264.60400390625
16 265.132080078125
17 265.70123291015625
18 266.50806594720876
19 267.08929443359375
20 267.279052734375
21 267.30291748046875
22 267.684326171875
23 268.97900390625
24 269.0174560546875
25 269.49468994140625
26 269.5340576171875
27 270.01800537109375
28 270.04949951171875
29 270.1219482421875
