0 215.54905700683594
1 221.92889404296875
2 223.4044189453125
3 228.753662109375
4 232.68878173828125
5 236.4450225830078
6 236.93934631347656
7 236.95550537109375
8 237.48056030273438
9 237.97662353515625
10 238.41744995117188
11 239.7156307749815
12 240.6709747314453
13 241.66912841796875
14 242.10791015625
15 242.29238891601562
16 242.31565856933594
17 242.42153930664062
18 242.5736541748047
19 242.85708618164062
20 243.31190490722656
21 243.65283203125
22 243.90106201171875
23 244.2747344970703
24 244.46719360351562
25 244.8956756591797
26 245.04879760742188
27 245.06044006347656
28 245.29595947265625
29 245.86761474609375
