0 244.12408447265625
1 246.08663940429688
2 248.51190185546875
3 248.9405059814453
4 250.13790893554688
5 253.04669189453125
6 253.840087890625
7 254.83636474609375
8 255.71737670898438
9 256.01751708984375
10 258.63006591796875
11 258.9711608886719
12 259.67230224609375
13 259.8587951660156
14 260.0335693359375
15 260.1212158203125
16 260.505859375
17 260.8742370605469
18 261.205810546875
19 262.2968444824219
20 262.4351501464844
21 262.5820617675781
22 262.62176513671875
23 264.0418395996094
24 264.28033447265625
25 264.34979248046875
26 264.6649475097656
27 264.73748779296875
28 264.8074951171875
29 264.9696350097656
