0 195.67274475097656
1 204.15423583984375
2 205.802490234375
3 207.14736938476562
4 212.1988525390625
5 223.1589813232422
6 224.64755249023438
7 226.33444213867188
8 228.22808837890625
9 232.80691528320312
10 234.5324249267578
11 235.87208557128906
12 235.9001007080078
13 236.005615234375
14 237.89544677734375
15 239.68675231933594
16 240.63409423828125
17 241.08706665039062
18 241.26223754882812
19 242.53062438964844
20 247.66720581054688
21 248.03616333007812
22 248.47975158691406
23 250.05270385742188
24 251.37661743164062
25 252.97689819335938
26 255.05426025390625
27 255.24395751953125
28 256.0458679199219
29 256.095927648951
