0 225.0263671875
1 232.52720642089844
2 234.80990600585938
3 237.2451629638672
4 239.21450805664062
5 240.18252563476562
6 243.46875
7 244.69248962402344
8 245.7955780029297
9 250.81735229492188
10 252.5574493408203
11 252.7074737548828
12 254.2686767578125
13 254.43885803222656
14 255.29098510742188
15 256.28143310546875
16 256.2901916503906
17 257.42462158203125
18 257.63238525390625
19 257.697998046875
20 258.29266357421875
21 259.5724182128906
22 259.6483459472656
23 261.4263916015625
24 262.9010314941406
25 263.765869140625
26 264.5615234375
27 264.6803283691406
28 266.6323547363281
29 266.8728332519531
