0 230.06686401367188
1 230.39004516601562
2 232.09622192382812
3 234.57919311523438
4 234.74310302734375
5 235.71090698242188
6 236.55764770507812
7 237.46409606933594
8 237.62794494628906
9 237.68743896484375
10 238.58128356933594
11 238.9219970703125
12 240.27792358398438
13 240.40406799316406
14 241.40951538085938
15 242.54855346679688
16 243.0054931640625
17 243.12022399902344
18 243.28860473632812
19 244.3484344482422
20 244.56622314453125
21 244.99110412597656
22 245.0794219970703
23 246.2919158935547
24 247.26507568359375
25 248.32188415527344
26 248.58058166503906
27 248.66802978515625
28 248.79624938964844
29 249.0130615234375
