0 241.80996704101562
1 243.42535400390625
2 245.56820678710938
3 248.24777221679688
4 249.857421875
5 251.22418212890625
6 251.45335388183594
7 252.11534118652344
8 252.5330047607422
9 252.717041015625
10 253.21347045898438
11 254.18809509277344
12 254.239990234375
13 254.38888549804688
14 254.65756225585938
15 254.95562744140625
16 255.334716796875
17 255.53330993652344
18 255.53411865234375
19 257.30908203125
20 257.5665283203125
21 257.7296142578125
22 258.09832763671875
23 258.5719299316406
24 258.6673889160156
25 258.9381103515625
26 258.9735817900356
27 259.4976806640625
28 259.6545715332031
29 259.8011169433594
