0 218.86956787109375
1 219.551025390625
2 223.82357788085938
3 228.61582946777344
4 229.73361206054688
5 230.3658905029297
6 231.88682556152344
7 234.76358032226562
8 235.2809295654297
9 235.36402893066406
10 235.4392547607422
11 236.19656372070312
12 237.05921936035156
13 237.88015747070312
14 238.36099243164062
15 238.60093688964844
16 238.82513427734375
17 239.16082763671875
18 239.55490112304688
19 240.82611083984375
20 242.346435546875
21 242.64219665527344
22 243.31808471679688
23 243.43289184570312
24 243.97021484375
25 244.16537475585938
26 245.52154541015625
27 245.93032836914062
28 246.40992736816406
29 246.68536376953125
