0 222.38699340820312
1 224.53558349609375
2 225.87413024902344
3 226.807861328125
4 227.42022705078125
5 228.06585693359375
6 229.39820861816406
7 229.41839599609375
8 229.5345458984375
9 229.7531280517578
10 230.2503662109375
11 231.08175659179688
12 231.63877868652344
13 231.8135986328125
14 233.04766845703125
15 233.19007873535156
16 234.14430236816406
17 234.53521728515625
18 234.6551055908203
19 234.6914520263672
20 234.8488311767578
21 235.07020568847656
22 235.84799194335938
23 236.00912475585938
24 236.08984375
25 236.20285034179688
26 236.40634155273438
27 236.83030700683594
28 237.11097717285156
29 237.25982666015625
