0 239.64547729492188
1 243.35531616210938
2 244.48269653320312
3 246.766357421875
4 246.97796630859375
5 247.41311645507812
6 248.7536163330078
7 248.8606414794922
8 249.25637817382812
9 251.2957763671875
10 251.90142822265625
11 252.80126953125
12 253.70709228515625
13 255.8498360824785
14 256.0946960449219
15 256.35418701171875
16 256.8307189941406
17 257.1474304199219
18 257.3809509277344
19 258.441650390625
20 258.84844970703125
21 259.3791198730469
22 260.0613708496094
23 260.7572937011719
24 261.01263427734375
25 261.4571533203125
26 261.4580383300781
27 261.60235595703125
28 261.8973388671875
29 261.9063720703125
