0 181.97396850585938
1 184.1785888671875
2 189.9630126953125
3 190.50950622558594
4 191.2560577392578
5 191.2811737060547
6 191.34568786621094
7 191.591064453125
8 191.82876586914062
9 191.91746520996094
10 192.7431640625
11 192.82093811035156
12 194.1353759765625
13 194.15423583984375
14 194.35928344726562
15 194.86819458007812
16 194.90631103515625
17 194.99789428710938
18 195.7866973876953
19 196.07403564453125
20 196.44943237304688
21 196.74769592285156
22 196.97674560546875
23 197.0267333984375
24 197.02813720703125
25 197.05917358398438
26 197.1133270263672
27 197.77569580078125
28 198.39117431640625
29 198.48423767089844
