0 140.88336181640625
1 179.5487823486328
2 181.69903564453125
3 185.03802490234375
4 186.25714111328125
5 197.50210571289062
6 197.7606201171875
7 197.92800903320312
8 198.760009765625
9 199.3749237060547
10 199.62278747558594
11 200.71981811523438
12 202.83663940429688
13 203.47177124023438
14 204.64830017089844
15 205.42250061035156
16 205.610595703125
17 205.67245483398438
18 206.15579223632812
19 206.1790008544922
20 206.44430541992188
21 206.7468719482422
22 206.75961303710938
23 207.83706665039062
24 207.92623901367188
25 209.44174194335938
26 210.47633361816406
27 210.6832275390625
28 210.89724731445312
29 211.19866943359375
