0 187.26531982421875
1 191.3993682861328
2 199.13031005859375
3 200.1390838623047
4 200.42576599121094
5 206.48484802246094
6 206.5492706298828
7 208.42886352539062
8 210.5384521484375
9 210.85263061523438
10 214.3488311767578
11 214.95703125
12 216.182373046875
13 216.44003295898438
14 217.18667602539062
15 218.287841796875
16 218.29052734375
17 218.38751220703125
18 218.54736328125
19 219.11282348632812
20 219.1962432861328
21 220.1829071044922
22 220.19105529785156
23 220.40357971191406
24 220.81130981445312
25 222.53079223632812
26 224.02842712402344
27 225.85888671875
28 226.11509704589844
29 226.6647491455078
