0 172.12130737304688
1 206.54766845703125
2 218.05145263671875
3 219.4072265625
4 220.23944091796875
5 224.59547424316406
6 225.09750366210938
7 225.1586456298828
8 225.4894256591797
9 225.7242889404297
10 226.2064208984375
11 227.13076782226562
12 228.1486358642578
13 230.0791473388672
14 233.01785278320312
15 233.83985900878906
16 233.95574951171875
17 234.05950927734375
18 235.7363739013672
19 236.55023193359375
20 236.73446655273438
21 239.48471069335938
22 240.03622436523438
23 240.4478302001953
24 240.59820556640625
25 240.77713012695312
26 240.97161865234375
27 240.97161865234375
28 241.34568786621094
29 241.39646911621094
