0 216.1353759765625
1 219.72817993164062
2 220.6230010986328
3 222.90878666412107
4 225.7389678955078
5 229.33580017089844
6 229.40670776367188
7 233.03866577148438
8 234.37860107421875
9 234.49215698242188
10 235.39260864257812
11 236.2662353515625
12 236.54934692382812
13 236.65484619140625
14 236.7072296142578
15 237.090087890625
16 237.3888397216797
17 238.3514404296875
18 238.5488739013672
19 239.26129150390625
20 239.5043182373047
21 239.71951293945312
22 239.76681518554688
23 240.56491088867188
24 240.7498016357422
25 240.97314453125
26 240.9906005859375
27 241.45669555664062
28 241.51324462890625
29 241.76556396484375
