0 170.35710025579002
1 171.6722412109375
2 172.13731384277344
3 173.67898559570312
4 179.33828735351562
5 179.37167358398438
6 179.77630615234375
7 180.10060119628906
8 180.42489624023438
9 180.47471618652344
10 181.7420654296875
11 182.1298828125
12 182.21275329589844
13 182.45733642578125
14 182.79989624023438
15 184.1989288330078
16 185.06626892089844
17 185.3878631591797
18 185.3957061767578
19 185.5729217529297
20 185.91920471191406
21 186.0849151611328
22 186.16110229492188
23 186.52481079101562
24 186.9296112060547
25 187.16705322265625
26 187.33493041992188
27 187.51837158203125
28 187.78565979003906
29 188.322265625
