0 182.13870239257812
1 182.431884765625
2 182.69493103027344
3 183.89895629882812
4 184.9894256591797
5 187.01927185058594
6 187.21812438964844
7 187.77792358398438
8 188.39068603515625
9 188.63479614257812
10 189.3883056640625
11 189.45184326171875
12 189.72911071777344
13 190.365478515625
14 192.14154052734375
15 192.2352294921875
16 192.379638671875
17 192.70062255859375
18 192.90240478515625
19 192.94802856445312
20 193.2935369446644
21 193.67678833007812
22 193.76239013671875
23 194.26486206054688
24 194.50271606445312
25 194.57386779785156
26 194.70037841796875
27 194.8545379638672
28 194.8596649169922
29 195.03921508789062
