0 244.32870483398438
1 254.92893981933594
2 260.62078857421875
3 262.967041015625
4 264.285400390625
5 264.71783447265625
6 264.8396911621094
7 266.8997802734375
8 267.86297607421875
9 267.94635009765625
10 268.1290588378906
11 268.5215759277344
12 268.7908935546875
13 268.869384765625
14 268.89300537109375
15 269.12457275390625
16 269.7268371582031
17 269.9046630859375
18 270.06500244140625
19 270.0744323730469
20 270.1773376464844
21 271.3273620605469
22 271.62713623046875
23 271.68475341796875
24 271.8004455566406
25 272.8141174316406
26 272.8708190917969
27 273.17132568359375
28 273.481689453125
29 274.6393737792969
