0 199.59286499023438
1 208.12240600585938
2 208.8402099609375
3 211.80638122558594
4 225.6446533203125
5 226.34947204589844
6 226.38050842285156
7 228.14459228515625
8 230.53732299804688
9 234.15432739257812
10 234.42889404296875
11 236.33908081054688
12 236.36380004882812
13 236.55154418945312
14 236.64474487304688
15 237.35903930664062
16 237.36280822753906
17 237.5393524169922
18 237.656005859375
19 238.29563903808594
20 238.55764770507812
21 238.91567993164062
22 238.95750427246094
23 239.0569305419922
24 239.21929931640625
25 239.22955322265625
26 239.6351318359375
27 239.64939880371094
28 240.07467651367188
29 240.2489013671875
