0 211.26824951171875
1 220.77493286132812
2 220.90106201171875
3 221.02076721191406
4 221.21023559570312
5 225.4355010986328
6 225.89007568359375
7 227.10289001464844
8 228.10935974121094
9 228.49365234375
10 228.83111572265625
11 228.83111572265625
12 230.59335327148438
13 231.26927185058594
14 231.41810607910156
15 231.60244750976562
16 232.01443481445312
17 233.65853881835938
18 235.5362548828125
19 235.65618896484375
20 235.78109574221372
21 235.86746215820312
22 235.96282958984375
23 236.91253662109375
24 236.99986267089844
25 237.38162231445312
26 237.8597869873047
27 238.23294067382812
28 238.2589874267578
29 238.36117553710938
