0 208.79518127441406
1 210.7851104736328
2 215.13685607910156
3 218.4396514892578
4 220.90341186523438
5 225.92410278320312
6 225.92630004882812
7 226.81390380859375
8 226.86216735839844
9 227.96649169921875
10 228.47442626953125
11 228.57015991210938
12 228.83285522460938
13 229.21713256835938
14 230.0228729248047
15 230.9314727783203
16 230.94598388671875
17 231.26904296875
18 231.70706176757812
19 232.08685302734375
20 232.5901641845703
21 232.84329223632812
22 232.95477294921875
23 233.26007080078125
24 233.48843383789062
25 233.73287963867188
26 233.96475219726562
27 234.30567932128906
28 234.47756958007812
29 234.57028198242188
