0 225.04986572265625
1 226.96627807617188
2 227.9569854736328
3 229.88479614257812
4 230.352294921875
5 231.74740600585938
6 232.01220703125
7 232.46763610839844
8 233.881103515625
9 234.04376220703125
10 234.04986572265625
11 234.69363403320312
12 235.1362762451172
13 236.7392578125
14 237.31703186035156
15 237.3895263671875
16 238.03912353515625
17 238.1513671875
18 239.39952087402344
19 239.70352172851562
20 239.74073791503906
21 239.7684783935547
22 240.7153778076172
23 240.99607849121094
24 241.79150390625
25 241.803955078125
26 241.98597717285156
27 242.8249969482422
28 243.05458068847656
29 243.16409301757812
