0 222.602783203125
1 231.00656127929688
2 233.82130432128906
3 234.06060791015625
4 234.07419832559165
5 234.42324829101562
6 235.6424102783203
7 237.59466552734375
8 238.67550659179688
9 239.4322509765625
10 240.0753173828125
11 240.7197265625
12 241.01316833496094
13 242.0323028564453
14 242.73715816364364
15 243.7906036376953
16 243.79183959960938
17 244.78465270996094
18 244.91744995117188
19 245.8736572265625
20 246.0773162841797
21 246.2866973876953
22 246.56979370117188
23 247.14303588867188
24 247.1593475341797
25 247.3107147216797
26 247.77978515625
27 247.81591796875
28 247.83551025390625
29 248.0538787841797
