0 210.9562530517578
1 212.0904998779297
2 212.10476684570312
3 213.71372985839844
4 214.32379150390625
5 217.42572021484375
6 219.05401611328125
7 220.1138916015625
8 220.6944580078125
9 221.07833862304688
10 222.22059631347656
11 222.4224395751953
12 223.4661865234375
13 224.19418334960938
14 225.22348022460938
15 225.53353881835938
16 227.85891723632812
17 229.0366668701172
18 230.89382934570312
19 231.0166015625
20 233.27301025390625
21 233.51522827148438
22 235.4022216796875
23 235.4022216796875
24 235.4757537841797
25 235.88592529296875
26 235.8865966796875
27 236.355712890625
28 236.5266876220703
29 237.8937225341797
