0 200.42979431152344
1 201.66720581054688
2 205.31666564941406
3 206.76220703125
4 210.44943237304688
5 211.92564392089844
6 212.86106872558594
7 214.0009765625
8 214.3756103515625
9 217.63711547851562
10 218.27011108398438
11 218.27212524414062
12 218.93255615234375
13 220.98658752441406
14 221.1540985107422
15 221.46160888671875
16 222.05361938476562
17 222.4198455810547
18 222.57749938964844
19 222.9695281982422
20 223.4820556640625
21 224.5687255859375
22 225.37559509277344
23 227.10198974609375
24 227.506591796875
25 228.09783935546875
26 228.40554809570312
27 229.25808715820312
28 229.9712677001953
29 231.81817626953125
