0 181.5637969970703
1 190.6588134765625
2 193.6788330078125
3 194.84896850585938
4 197.57679748535156
5 199.28733825683594
6 202.77792358398438
7 202.830810546875
8 203.17665100097656
9 204.7262725830078
10 207.17478942871094
11 207.5391082763672
12 207.59579467773438
13 208.0391845703125
14 208.27700805664062
15 208.4883575439453
16 208.74131774902344
17 208.83575439453125
18 209.05503845214844
19 210.17701721191406
20 210.66981506347656
21 212.06190490722656
22 212.4598388671875
23 213.34698461570161
24 213.34921264648438
25 213.35137939453125
26 213.38970947265625
27 213.50099182128906
28 213.616455078125
29 213.72222900390625
