0 237.851806640625
1 241.3075408935547
2 241.841552734375
3 246.80555725097656
4 251.6742706298828
5 251.72789001464844
6 251.80819702148438
7 252.57705688476562
8 253.09765625
9 253.83401489257812
10 254.4906005859375
11 254.84011840820312
12 255.78689575195312
13 256.0794372558594
14 256.117431640625
15 256.3432312011719
16 256.5408020019531
17 256.5455627441406
18 257.82537841796875
19 258.5083923339844
20 258.6328430175781
21 259.0223388671875
22 259.2791442871094
23 259.6900939941406
24 259.8138122558594
25 260.2191162109375
26 260.2315368652344
27 260.23785400390625
28 260.5334167480469
29 260.7860107421875
