0 212.06439208984375
1 223.39173889160156
2 228.31031799316406
3 228.95767211914062
4 233.4911651611328
5 235.93899536132812
6 241.31869506835938
7 242.12440490722656
8 244.23095703125
9 245.04837036132812
10 246.17117309570312
11 247.42340087890625
12 248.3591766357422
13 248.78421020507812
14 249.17489624023438
15 249.78350830078125
16 253.63803100585938
17 261.59326171875
18 262.2911376953125
19 262.7281188964844
20 263.2958068847656
21 263.48309326171875
22 263.6524658203125
23 265.32220458984375
24 265.3697814941406
25 265.5631408691406
26 267.7600402832031
27 268.0790100097656
28 268.3187255859375
29 268.3929443359375
