0 193.46192932128906
1 196.61154174804688
2 202.7021484375
3 203.85809326171875
4 204.36294555664062
5 204.73208618164062
6 207.1815185546875
7 208.6549072265625
8 209.08372497558594
9 209.21766662597656
10 210.46099853515625
11 211.8241729736328
12 212.96343994140625
13 213.00320434570312
14 214.21588134765625
15 214.72947692871094
16 214.8976593017578
17 214.92518615722656
18 215.9430694580078
19 216.14306640625
20 216.22470092773438
21 216.27769470214844
22 216.31466674804688
23 217.2982635498047
24 217.44400024414062
25 217.50341796875
26 217.79493713378906
27 218.5537567138672
28 218.7891845703125
29 218.8679962158203
