0 224.45835876464844
1 234.04881286621094
2 238.09414672851562
3 239.6688690185547
4 240.80447387695312
5 242.51895141601562
6 243.57569885253906
7 244.85853576660156
8 245.60162353515625
9 245.7657928466797
10 249.08895874023438
11 249.31483459472656
12 250.08056640625
13 251.90020751953125
14 252.35699462890625
15 252.49974060058594
16 252.54710388183594
17 252.8740692138672
18 253.79568481445312
19 254.81729125976562
20 257.1944885253906
21 258.04376220703125
22 258.8232727050781
23 258.9784240722656
24 259.08746337890625
25 259.17340087890625
26 259.4963073730469
27 260.1925048828125
28 260.8052062988281
29 260.8544006347656
