0 214.50396728515625
1 221.7812957763672
2 223.0477752685547
3 234.17019653320312
4 237.80450439453125
5 238.5983123779297
6 239.96495056152344
7 240.2391357421875
8 247.28167724609375
9 247.52772521972656
10 252.87240600585938
11 254.48748779296875
12 255.47976684570312
13 258.0760498046875
14 259.142578125
15 259.78839111328125
16 260.0196533203125
17 260.1094970703125
18 260.752685546875
19 263.18255615234375
20 263.73095703125
21 263.85369873046875
22 263.9582824707031
23 264.9005432128906
24 265.09393310546875
25 265.90411376953125
26 266.29376220703125
27 266.995361328125
28 267.6918029785156
29 268.0929260253906
