0 191.63058471679688
1 194.55299377441406
2 195.56224060058594
3 195.90753173828125
4 197.66766357421875
5 198.73597717285156
6 199.0018310546875
7 199.06491088867188
8 200.40994262695312
9 201.51036071777344
10 202.2157440185547
11 202.25888061523438
12 202.68533325195312
13 202.98777770996094
14 203.72506713867188
15 205.85992431640625
16 206.96392822265625
17 207.55369567871094
18 207.61465454101562
19 207.88909912109375
20 208.03155517578125
21 208.4893798828125
22 208.74102783203125
23 209.22923278808594
24 209.53485107421875
25 209.6282196044922
26 209.79843139648438
27 209.83840942382812
28 209.85250854492188
29 210.4520721435547
