0 194.7839813232422
1 212.276611328125
2 212.65957641601562
3 213.2702178955078
4 217.21360778808594
5 217.8180694580078
6 217.95758056640625
7 222.4290008544922
8 223.97642517089844
9 225.90176391601562
10 225.94732666015625
11 225.94801330566406
12 227.4613494873047
13 228.2947540283203
14 228.83518981933594
15 229.99371337890625
16 230.01312255859375
17 231.26829528808594
18 231.90744018554688
19 232.0767364501953
20 232.9212646484375
21 232.92620849609375
22 233.0927734375
23 233.2293701171875
24 233.83416748046875
25 234.0921630859375
26 235.12826538085938
27 235.46469116210938
28 235.61947631835938
29 235.75045776367188
