0 232.10365295410156
1 235.67413330078125
2 236.85035705566406
3 238.7325909099951
4 240.6824188232422
5 241.08993530273438
6 241.12664794921875
7 242.07589721679688
8 242.40045166015625
9 242.41012573242188
10 242.77978515625
11 243.1685791015625
12 244.94256591796875
13 245.0714874267578
14 245.8643798828125
15 246.0723114013672
16 246.12637329101562
17 246.87283325195312
18 247.11196899414062
19 247.45127868652344
20 247.65872192382812
21 247.78829956054688
22 247.8204345703125
23 247.96339416503906
24 248.0697784423828
25 248.0916748046875
26 248.305419921875
27 248.41860961914062
28 248.61602783203125
29 248.79505920410156
