0 192.93505859375
1 223.19351196289062
2 225.04443359375
3 231.26889038085938
4 234.47996520996094
5 234.95184326171875
6 235.0791778564453
7 235.1964111328125
8 235.40380859375
9 235.56430053710938
10 235.98095703125
11 237.58419799804688
12 238.2848663330078
13 240.993408203125
14 241.0709228515625
15 241.5198516845703
16 241.564453125
17 241.6247100830078
18 241.64950561523438
19 241.83717346191406
20 241.91580200195312
21 242.6187286376953
22 242.97195434570312
23 243.2735595703125
24 243.30636596679688
25 243.87380981445312
26 244.66070556640625
27 244.98745727539062
28 245.07070922851562
29 245.08663940429688
