0 175.73391723632812
1 179.18130493164062
2 182.6576385498047
3 184.68991088867188
4 185.00531005859375
5 185.90328979492188
6 186.0770721435547
7 186.7151641845703
8 186.9134521484375
9 187.679931640625
10 187.71522521972656
11 188.3784637451172
12 188.62158203125
13 188.77655029296875
14 189.58688354492188
15 190.08164978027344
16 190.2900390625
17 190.87672424316406
18 191.3135528564453
19 191.69259643554688
20 191.6993865966797
21 191.80613708496094
22 191.82716369628906
23 191.97901916503906
24 192.13021850585938
25 192.2290496826172
26 192.46151733398438
27 192.662109375
28 192.72406005859375
29 192.90875244140625
