0 228.21182250976562
1 229.32591247558594
2 229.918212890625
3 230.05929565429688
4 233.15428161621094
5 234.14996337890625
6 234.99232482910156
7 235.1432647705078
8 237.73748779296875
9 237.76339721679688
10 238.9609375
11 239.25131225585938
12 239.53829956054688
13 240.42213439941406
14 240.95742797851562
15 241.91859436035156
16 242.08035278320312
17 242.8335723876953
18 243.822998046875
19 244.11099243164062
20 244.14227294921875
21 244.64996337890625
22 245.21316528320312
23 245.47857601762766
24 246.57131958007812
25 247.13536071777344
26 247.53152465820312
27 247.9065399169922
28 248.18495178222656
29 248.27911376953125
