0 196.92532348632812
1 200.54940795898438
2 202.33544921875
3 208.2791748046875
4 209.77249145507812
5 209.87425231933594
6 210.60873413085938
7 210.6895294189453
8 210.8511505126953
9 211.06216430664062
10 213.1947021484375
11 214.36842346191406
12 214.49449157714844
13 215.08392333984375
14 215.2525177001953
15 215.71017456054688
16 217.1604461669922
17 217.517578125
18 218.08822631835938
19 218.36741638183594
20 218.74478149414062
21 218.77252197265625
22 219.67831420898438
23 219.91677856445312
24 220.13751220703125
25 220.43002319335938
26 220.61697387695312
27 220.6484375
28 220.90878295898438
29 221.24569702148438
