0 172.76622009277344
1 176.4132537841797
2 177.1173095703125
3 179.18067932128906
4 181.56753540039062
5 181.71080017089844
6 183.4194793701172
7 183.97854614257812
8 184.0501251220703
9 185.44985961914062
10 186.90036010742188
11 187.02587890625
12 187.1435546875
13 188.02491760253906
14 189.00022888183594
15 189.3583221435547
16 189.8494873046875
17 190.08270263671875
18 190.27194213867188
19 190.78036499023438
20 191.2928009033203
21 191.4392852783203
22 191.57760620117188
23 191.57760620117188
24 191.8856964111328
25 191.9470977783203
26 192.5558319091797
27 192.73635864257812
28 193.0517120361328
29 193.15505981445312
