0 203.28834533691406
1 219.26954650878906
2 236.28628540039062
3 241.64041137695312
4 247.04080200195312
5 247.50860595703125
6 249.85586547851562
7 250.57766723632812
8 250.94027709960938
9 251.2063446044922
10 251.24400329589844
11 251.44650268554688
12 252.15695190429688
13 252.3335723876953
14 253.38482666015625
15 253.49160766601562
16 253.684814453125
17 253.95407104492188
18 254.80862426757812
19 255.2066192626953
20 255.300048828125
21 255.38259887695312
22 255.55892944335938
23 255.94837951660156
24 256.47357177734375
25 256.5429992675781
26 256.6825866699219
27 256.98504638671875
28 257.1446533203125
29 257.27044677734375
