0 276.9927978515625
1 277.25799560546875
2 278.8542785644531
3 279.22039794921875
4 281.9576721191406
5 283.258544921875
6 284.1363525390625
7 285.56964111328125
8 287.0194091796875
9 288.9505310058594
10 289.22802734375
11 289.6474126241673
12 289.69842529296875
13 290.2216491699219
14 290.94183349609375
15 291.24639892578125
16 291.3599853515625
17 291.6611328125
18 294.744384765625
19 294.94879150390625
20 295.6590576171875
21 295.75396728515625
22 296.197509765625
23 296.2077941894531
24 297.0445556640625
25 297.4215087890625
26 297.44244384765625
27 297.48968505859375
28 297.9836730957031
29 298.1780090332031
