0 224.88961791992188
1 231.3427734375
2 232.6637725830078
3 235.18716430664062
4 236.57102966308594
5 239.970458984375
6 245.11325073242188
7 246.56317138671875
8 246.76473999023438
9 247.1495361328125
10 247.42523193359375
11 248.21734619140625
12 248.6051788330078
13 248.7256622314453
14 250.190185546875
15 250.34921264648438
16 252.0277099609375
17 252.03895568847656
18 253.04933166503906
19 253.28187561035156
20 254.11978149414062
21 255.72747802734375
22 256.2806701660156
23 256.58514404296875
24 257.22265625
25 257.27606201171875
26 257.4405517578125
27 258.3028869628906
28 259.03729248046875
29 259.7922058105469
