0 185.08523559570312
1 193.61578369140625
2 195.41082763671875
3 196.0955047607422
4 197.6234893798828
5 197.73919677734375
6 198.8593292236328
7 199.0557861328125
8 199.07127380371094
9 199.43896484375
10 200.8098907470703
11 200.9744873046875
12 201.67349243164062
13 201.727294921875
14 202.01312255859375
15 202.07449340820312
16 202.69285583496094
17 202.88279724121094
18 202.97994995117188
19 203.3069305419922
20 203.36666870117188
21 203.4075164794922
22 203.46282958984375
23 203.48574829101562
24 203.53753662109375
25 203.70602416992188
26 203.94976806640625
27 205.0282440185547
28 205.15750122070312
29 205.21420288085938
