0 227.39427185058594
1 232.05303955078125
2 232.9020538330078
3 237.2352752685547
4 237.70147705078125
5 240.44895935058594
6 242.99212646484375
7 243.40142822265625
8 245.31536865234375
9 246.37258911132812
10 246.8224334716797
11 246.91668701171875
12 247.00161743164062
13 247.35806274414062
14 247.37802124023438
15 249.44600929519473
16 249.614501953125
17 250.56220661254804
18 252.20761108398438
19 253.76547241210938
20 254.18246459960938
21 254.3675994873047
22 254.39685679273913
23 254.74732971191406
24 254.8740692138672
25 255.1134796142578
26 255.20550537109375
27 255.5580291748047
28 255.655517578125
29 255.8593292236328
