0 204.70956420898438
1 211.22019958496094
2 212.33181762695312
3 212.84469604492188
4 213.48240661621094
5 213.51051330566406
6 214.3952178955078
7 215.81436157226562
8 216.3265838623047
9 217.48416137695312
10 217.607177734375
11 218.21644592285156
12 219.04405212402344
13 219.20523071289062
14 219.44285583496094
15 220.03611755371094
16 220.44686889648438
17 220.62588500976562
18 221.13279724121094
19 221.4246063232422
20 221.75283813476562
21 222.79339599609375
22 222.85987854003906
23 223.41925048828125
24 223.7459716796875
25 224.0441436767578
26 224.4644012451172
27 224.6330108642578
28 224.67648315429688
29 224.7140655517578
