0 247.87353515625
1 261.26983642578125
2 266.8546447753906
3 267.9149475097656
4 268.3160400390625
5 268.6026916503906
6 268.7835693359375
7 269.3033673797953
8 269.5360412597656
9 269.73486328125
10 270.22198486328125
11 271.5805969238281
12 272.83526611328125
13 274.11514712139484
14 275.29620361328125
15 275.304443359375
16 275.6037902832031
17 275.83148193359375
18 276.74603271484375
19 276.80322265625
20 276.90777587890625
21 277.2565612792969
22 277.87896728515625
23 278.2052307128906
24 278.45794677734375
25 278.837646484375
26 278.90716552734375
27 279.8787841796875
28 280.14251708984375
29 280.2040710449219
