0 207.6223602294922
1 214.48336791992188
2 223.38070678710938
3 225.95590209960938
4 228.82913208007812
5 230.00535583496094
6 230.02651977539062
7 232.9226531982422
8 233.60650634765625
9 234.968994140625
10 235.78787231445312
11 238.20346069335938
12 241.03695678710938
13 242.73519897460938
14 243.0802459716797
15 243.1644287109375
16 243.42059326171875
17 243.56427001953125
18 244.1097412109375
19 244.66941833496094
20 244.71176147460938
21 244.76776123046875
22 245.18536376953125
23 245.4086151123047
24 245.66665649414062
25 245.74862670898438
26 245.9206085205078
27 246.42205810546875
28 246.5807647705078
29 246.75108337402344
