0 182.02952575683594
1 190.9261016845703
2 194.9854195065566
3 197.1908721923828
4 199.62857055664062
5 200.0672607421875
6 206.44407653808594
7 207.0011749267578
8 207.0205078125
9 207.34982299804688
10 209.52386474609375
11 210.07691955566406
12 210.6952362060547
13 211.97264099121094
14 213.80032348632812
15 215.56549072265625
16 215.89292907714844
17 216.05162048339844
18 217.00274089104312
19 217.00489807128906
20 217.69317626953125
21 218.3897705078125
22 218.50762939453125
23 218.63937377929688
24 218.94056701660156
25 219.10569763183594
26 219.2740936279297
27 219.41610717773438
28 219.94105529785156
29 220.14505004882812
