0 223.53836059570312
1 228.4883575439453
2 228.89317321777344
3 243.74227905273438
4 245.0392608642578
5 250.76632690429688
6 251.40966796875
7 251.9861297607422
8 254.43829345703125
9 256.39794921875
10 258.62322998046875
11 259.9024353027344
12 260.37152099609375
13 260.56243896484375
14 260.5712890625
15 260.9893493652344
16 261.23980712890625
17 262.4740905761719
18 264.2113037109375
19 264.247802734375
20 264.3523254394531
21 266.64971923828125
22 267.8526611328125
23 268.5229797363281
24 269.4703674316406
25 269.50909423828125
26 270.0453186035156
27 270.7744140625
28 270.8384094238281
29 270.96044921875
