0 181.5633544921875
1 182.74822998046875
2 191.80714416503906
3 195.14796447753906
4 195.69009399414062
5 196.48587036132812
6 196.49427795410156
7 197.31234741210938
8 197.7626953125
9 197.9364013671875
10 198.23341369628906
11 199.13287353515625
12 199.7907257080078
13 200.47225952148438
14 201.02503967285156
15 201.4449005126953
16 201.65199279785156
17 202.20709228515625
18 202.99436950683594
19 203.36720275878906
20 203.80429077148438
21 203.94639587402344
22 204.19659423828125
23 204.3147430419922
24 204.6271514892578
25 204.64105224609375
26 204.8121337890625
27 204.87965393066406
28 204.91220092773438
29 205.66883850097656
