0 164.86517333984375
1 190.1636962890625
2 196.13125610351562
3 206.61973571777344
4 209.56436157226562
5 213.3170166015625
6 216.75009155273438
7 220.55662536621094
8 221.1006317138672
9 221.34271240234375
10 221.7618408203125
11 222.76724243164062
12 222.83009338378906
13 224.21112060546875
14 224.27967834472656
15 224.89398193359375
16 224.93572998046875
17 224.98367309570312
18 225.71510314941406
19 226.22174072265625
20 226.30853271484375
21 226.4537811279297
22 227.34295654296875
23 227.36874389648438
24 227.4040069580078
25 227.43960571289062
26 227.79916381835938
27 227.83810424804688
28 228.04086303710938
29 228.3495635986328
