0 197.9883575439453
1 203.44662475585938
2 205.2584228515625
3 208.16357421875
4 208.51901245117188
5 211.0213623046875
6 211.09994506835938
7 211.31192016601562
8 212.0898895263672
9 212.22097778320312
10 212.33074951171875
11 213.28274536132812
12 213.63616943359375
13 213.93942260742188
14 214.42349243164062
15 214.810546875
16 215.16876220703125
17 215.26754760742188
18 215.58163452148438
19 215.795166015625
20 215.82098388671875
21 216.24710083007812
22 216.68531799316406
23 216.82052612304688
24 217.11376953125
25 217.43067932128906
26 217.5567626953125
27 217.88327026367188
28 218.02035522460938
29 218.06869506835938
