0 162.23712158203125
1 164.6590118408203
2 179.5462646484375
3 180.98834228515625
4 181.33126831054688
5 182.99302673339844
6 183.3698272705078
7 185.51144409179688
8 185.79367065429688
9 186.60594177246094
10 187.0416259765625
11 187.2808837890625
12 188.5321502685547
13 188.70877075195312
14 189.0152587890625
15 190.16510009765625
16 190.749755859375
17 190.80514526367188
18 191.1153564453125
19 191.6680145263672
20 191.84530639648438
21 191.87368774414062
22 192.4791259765625
23 192.5556182861328
24 192.66403198242188
25 192.8426971435547
26 193.0587158203125
27 193.09445190429688
28 193.54937744140625
29 194.31961059570312
