0 250.37254333496094
1 251.43106173831055
2 252.3675537109375
3 254.04769897460938
4 255.67091369628906
5 257.24688720703125
6 258.2421875
7 258.64715576171875
8 259.1698303222656
9 259.50433349609375
10 259.64349365234375
11 259.8421630859375
12 261.7666015625
13 261.78826904296875
14 262.2324523925781
15 262.496337890625
16 262.9752197265625
17 263.08245849609375
18 263.6382141113281
19 263.69757080078125
20 263.9590759277344
21 263.97998046875
22 264.01800537109375
23 265.0282287597656
24 265.0297546386719
25 265.0768127441406
26 265.241455078125
27 265.2754211425781
28 265.7847900390625
29 265.93719482421875
