0 160.537353515625
1 240.4772491455078
2 243.84979248046875
3 250.97804260253906
4 251.97091674804688
5 253.31048583984375
6 256.1680908203125
7 256.85858154296875
8 257.3809814453125
9 257.6741638183594
10 257.9741516113281
11 258.1094665527344
12 258.1094665527344
13 258.6297912597656
14 258.95965576171875
15 259.77508544921875
16 259.7933349609375
17 259.9298095703125
18 260.14111328125
19 260.75531005859375
20 260.878173828125
21 260.9330139160156
22 261.81414794921875
23 263.4149475097656
24 263.9136657714844
25 264.1225280761719
26 264.15301513671875
27 265.96636962890625
28 266.0622367853279
29 266.10028076171875
