0 226.36422729492188
1 233.2322998046875
2 240.36065673828125
3 243.17471313476562
4 248.17950439453125
5 248.941162109375
6 251.79710388183594
7 253.34552001953125
8 253.75582885742188
9 253.84100341796875
10 254.8399658203125
11 255.50204467773438
12 255.56167602539062
13 255.67205810546875
14 256.63507080078125
15 257.2174072265625
16 257.3725280761719
17 257.56927490234375
18 257.66961669921875
19 257.974365234375
20 258.0049133300781
21 258.42333984375
22 258.5100402832031
23 258.78131103515625
24 259.47357177734375
25 262.0478515625
26 262.86260986328125
27 263.04779052734375
28 263.4877014160156
29 263.5263977050781
