0 189.5692596435547
1 191.05259704589844
2 201.84872436523438
3 202.0191650390625
4 202.5542449951172
5 202.64108276367188
6 203.28590393066406
7 204.13192749023438
8 204.62779235839844
9 205.7165069580078
10 206.39935302734375
11 206.78684997558594
12 207.7876739501953
13 208.31297302246094
14 210.67767333984375
15 211.6604461669922
16 211.7528076171875
17 212.51185607910156
18 213.23193359375
19 215.50726318359375
20 216.2730712890625
21 216.32766723632812
22 216.84930419921875
23 216.965087890625
24 217.25143432617188
25 217.3605499267578
26 217.56863403320312
27 218.51419067382812
28 218.55810546875
29 219.18544006347656
