0 219.91781616210938
1 219.98085021972656
2 225.92398071289062
3 227.4753875732422
4 228.2950897216797
5 229.7707977294922
6 230.6595001220703
7 231.25485229492188
8 232.26956176757812
9 232.68710327148438
10 234.1482391357422
11 234.87283325195312
12 235.787109375
13 236.84756469726562
14 236.864990234375
15 237.2104034423828
16 237.67445373535156
17 238.30673217773438
18 238.37921142578125
19 239.57337951660156
20 239.83889770507812
21 240.33975219726562
22 241.17868041992188
23 241.74957275390625
24 242.18267822265625
25 242.21441650390625
26 242.22312927246094
27 242.27621459960938
28 244.244140625
29 244.8004150390625
