0 202.84512329101562
1 256.2963562011719
2 260.6495361328125
3 262.2472229003906
4 262.6029052734375
5 263.086669921875
6 264.58306884765625
7 265.219482421875
8 265.38275146484375
9 266.2672119140625
10 266.39501953125
11 267.4471740722656
12 267.959228515625
13 270.93878173828125
14 271.45611572265625
15 271.47857666015625
16 271.96533203125
17 272.7492980957031
18 273.00732421875
19 273.48583984375
20 273.8727722167969
21 274.0145263671875
22 274.0235595703125
23 274.62774658203125
24 275.2716979980469
25 276.7019958496094
26 276.9732971191406
27 278.3857421875
28 278.5918884277344
29 279.0765380859375
