0 260.8713684082031
1 263.1185302734375
2 265.2571105957031
3 265.7257385253906
4 267.8061218261719
5 269.8598937988281
6 271.56634521484375
7 271.8179016113281
8 271.8896484375
9 272.18817138671875
10 273.26190185546875
11 273.72076416015625
12 274.0030517578125
13 274.8750915527344
14 275.18731689453125
15 275.267822265625
16 275.3054504394531
17 275.3338928222656
18 276.113037109375
19 276.123291015625
20 276.2146911621094
21 276.4090881347656
22 278.04681396484375
23 278.222900390625
24 278.6883544921875
25 278.7046203613281
26 279.0103454589844
27 279.0885314941406
28 279.7853698730469
29 279.8220520019531
