0 245.33282470703125
1 247.70199584960938
2 247.7763671875
3 248.64801025390625
4 249.63287353515625
5 249.72723388671875
6 253.0652313232422
7 254.21026611328125
8 254.2844696044922
9 254.93190002441406
10 255.61572265625
11 255.89889526367188
12 256.32281494140625
13 257.25518798828125
14 257.7518005371094
15 257.9176025390625
16 259.3074035644531
17 259.40906052800153
18 259.70220947265625
19 259.8773498535156
20 260.08172607421875
21 260.1645202636719
22 260.3402404785156
23 260.4553527832031
24 260.7884216308594
25 261.0845031738281
26 261.37445068359375
27 262.2418212890625
28 262.3305969238281
29 263.0057373046875
