0 166.77610778808594
1 172.13201904296875
2 174.4222412109375
3 177.0311737060547
4 179.00999450683594
5 179.88720703125
6 180.05511474609375
7 181.35198974609375
8 182.49171447753906
9 182.518310546875
10 182.80422973632812
11 182.9029083251953
12 183.4039306640625
13 183.73892211914062
14 184.36566162109375
15 185.06396484375
16 185.1825408935547
17 185.75111389160156
18 185.95297241210938
19 186.16290283203125
20 186.19651794433594
21 186.6846923828125
22 186.8056640625
23 188.09658813476562
24 188.26425170898438
25 188.3082275390625
26 188.53945922851562
27 188.96092224121094
28 188.99285888671875
29 189.04855346679688
