0 198.68284606933594
1 224.34793090820312
2 224.90670776367188
3 227.75735473632812
4 227.94895935058594
5 230.40704345703125
6 233.6369171142578
7 235.57589721679688
8 235.84786987304688
9 236.63829040527344
10 236.75511169433594
11 237.48785400390625
12 238.524658203125
13 239.06167602539062
14 239.06613159179688
15 239.18960571289062
16 239.82406616210938
17 240.02284240722656
18 240.09226989746094
19 240.54071044921875
20 240.5509033203125
21 241.2991943359375
22 241.4942169189453
23 242.26101684570312
24 242.41873168945312
25 242.83872985839844
26 242.9354248046875
27 243.19908142089844
28 243.22738647460938
29 243.2572021484375
