0 175.84432983398438
1 196.10519409179688
2 202.7985382080078
3 206.80966186523438
4 207.88450622558594
5 208.71173095703125
6 209.17034912109375
7 210.70118713378906
8 211.19406127929688
9 211.5449981689453
10 211.68423461914062
11 212.09927368164062
12 212.11805725097656
13 213.0195245473335
14 213.22134399414062
15 213.50146484375
16 213.71884155273438
17 213.87290954589844
18 213.88824462890625
19 214.54798889160156
20 214.60391235351562
21 214.82749938964844
22 215.32681274414062
23 215.5286865234375
24 215.9003143310547
25 216.0068359375
26 216.0284423828125
27 216.05081176757812
28 216.54820251464844
29 216.67169189453125
