0 235.798583984375
1 236.4008331298828
2 237.92369079589844
3 239.02891540527344
4 239.12957763671875
5 240.72586059570312
6 242.16241455078125
7 245.13998413085938
8 245.22198486328125
9 245.48013305664062
10 246.29380798339844
11 246.58905029296875
12 248.72415161132812
13 249.071533203125
14 252.5276336669922
15 252.87326049804688
16 254.26260375976562
17 255.14242553710938
18 255.28610229492188
19 255.34649658203125
20 256.1003112792969
21 256.7501220703125
22 256.89581298828125
23 257.037109375
24 257.2191467285156
25 257.9196472167969
26 258.5931791100359
27 259.048095703125
28 259.53179931640625
29 260.3118896484375
