0 200.8914337158203
1 214.54505920410156
2 221.94668579101562
3 224.25494384765625
4 230.36260986328125
5 231.93455505371094
6 232.16546630859375
7 234.07412719726562
8 234.91871643066406
9 235.1510772705078
10 239.5064697265625
11 240.88998413085938
12 245.76036071777344
13 246.9409637451172
14 249.0763702392578
15 249.62527465820312
16 250.99783325195312
17 251.1249542236328
18 251.1298828125
19 252.74996948242188
20 254.51438903808594
21 256.51416015625
22 257.5960998535156
23 257.9933776855469
24 258.20098876953125
25 258.83538818359375
26 260.06494140625
27 260.3883056640625
28 260.9418029785156
29 261.1992492675781
