0 241.20249938964844
1 251.2037811279297
2 251.43438720703125
3 256.2786560058594
4 256.454345703125
5 256.85357666015625
6 257.2774963378906
7 259.0328369140625
8 260.7653503417969
9 263.64996337890625
10 264.1512451171875
11 264.2239990234375
12 264.2337341308594
13 264.47479248046875
14 265.0855712890625
15 265.3888671779857
16 265.413818359375
17 265.451171875
18 266.1834716796875
19 266.3639831542969
20 266.9891357421875
21 267.2220458984375
22 267.5527038574219
23 267.80047607421875
24 268.7754211425781
25 268.8392639160156
26 268.9176330566406
27 268.9210205078125
28 268.93328857421875
29 269.0748291015625
