0 183.44357299804688
1 188.33450317382812
2 191.177490234375
3 194.10848999023438
4 195.3297119140625
5 195.49234008789062
6 195.6169891357422
7 196.49656677246094
8 197.51681518554688
9 198.93865966796875
10 199.20574951171875
11 199.66738891601562
12 200.56570434570312
13 205.39532470703125
14 207.06704711914062
15 208.71348571777344
16 209.34942626953125
17 209.57081604003906
18 209.73892211914062
19 211.07241821289062
20 213.36959838867188
21 214.59811401367188
22 214.66455078125
23 215.839599609375
24 216.61083984375
25 216.7806396484375
26 217.79598999023438
27 218.46531677246094
28 219.64132690429688
29 219.71585758301782
