0 178.1879425048828
1 208.9614715576172
2 209.84999084472656
3 211.37449645996094
4 213.969482421875
5 216.47946166992188
6 218.94500732421875
7 219.97250366210938
8 222.4593963623047
9 222.61630249023438
10 223.2428741455078
11 224.99607849121094
12 227.01683044433594
13 227.25811767578125
14 228.5061492919922
15 228.65345764160156
16 228.70909118652344
17 228.82716369628906
18 230.00123596191406
19 230.01861572265625
20 233.5140380859375
21 235.71969604492188
22 236.08360290527344
23 237.50584411621094
24 238.21873474121094
25 239.769775390625
26 241.75863647460938
27 243.25880432128906
28 243.69815063476562
29 246.07846069335938
