0 196.11782836914062
1 203.72703552246094
2 209.48269653320312
3 210.36428833007812
4 211.56072998046875
5 212.30064392089844
6 214.0507049560547
7 215.0737762451172
8 215.43267822265625
9 215.92233276367188
10 216.77194213867188
11 217.03976440429688
12 217.21603393554688
13 217.35171508789062
14 218.22018432617188
15 218.77468872070312
16 219.1844024658203
17 219.45753479003906
18 219.4835205078125
19 219.53512573242188
20 220.18162536621094
21 220.93472290039062
22 221.0194549560547
23 221.06703186035156
24 221.2413330078125
25 221.94178771972656
26 222.1201629638672
27 222.25350952148438
28 222.75711059570312
29 223.35801696777344
