0 221.32882690429688
1 234.8731689453125
2 236.83401489257812
3 237.71112060546875
4 237.76034545898438
5 239.8921356201172
6 240.38169860839844
7 241.2425079345703
8 241.442626953125
9 242.5130615234375
10 242.5449981689453
11 242.54803466796875
12 242.86740112304688
13 243.01223754882812
14 243.7562255859375
15 244.232666015625
16 245.51812744140625
17 245.90157654561736
18 246.0629119873047
19 246.27786254882812
20 246.58753967285156
21 247.95315551757812
22 248.3216552734375
23 248.5709228515625
24 248.6556396484375
25 249.03297424316406
26 249.07752990722656
27 249.33624267578125
28 249.43533325195312
29 249.74813842773438
