0 201.8628387451172
1 214.69308471679688
2 219.6128387451172
3 224.8483428955078
4 225.6256103515625
5 225.66688537597656
6 225.8670196533203
7 226.97531127929688
8 227.532470703125
9 228.84033203125
10 228.96051025390625
11 229.24981689453125
12 230.637451171875
13 230.8175048828125
14 231.9176483154297
15 232.57119750976562
16 233.07501220703125
17 233.5166778564453
18 233.71640014648438
19 234.14431762695312
20 234.5280303955078
21 235.73828125
22 236.6780548095703
23 236.795166015625
24 237.5313262939453
25 237.9380645751953
26 238.39736938476562
27 238.62405395507812
28 238.68438720703125
29 238.72140502929688
