0 237.19073486328125
1 248.9630584716797
2 251.33506774902344
3 253.54898071289062
4 253.55848693847656
5 254.14378356933594
6 255.23251342773438
7 256.3048095703125
8 257.65362548828125
9 258.093505859375
10 258.7978515625
11 260.17218017578125
12 260.22528076171875
13 260.4348449707031
14 260.650146484375
15 261.1310119628906
16 261.6984343845264
17 261.85577392578125
18 261.8948669433594
19 262.39373779296875
20 262.9543762207031
21 263.1123352050781
22 263.26055908203125
23 263.712890625
24 264.7677307128906
25 264.9507751464844
26 265.44012451171875
27 265.61865234375
28 265.73358154296875
29 266.0769348144531
