0 196.68637084960938
1 206.373046875
2 207.61294555664062
3 213.6791534423828
4 214.08506774902344
5 214.57749938964844
6 215.854248046875
7 216.02328491210938
8 216.05145263671875
9 216.2319793701172
10 217.54318237304688
11 217.9668731689453
12 218.00897216796875
13 219.47608947753906
14 220.1446990966797
15 220.44668579101562
16 220.82298278808594
17 221.5206298828125
18 221.74441528320312
19 221.779052734375
20 222.89425659179688
21 223.20089721679688
22 223.32293701171875
23 223.70596313476562
24 223.75584411621094
25 224.353759765625
26 224.3734130859375
27 224.60621643066406
28 225.3953399658203
29 226.00039672851562
