0 192.43966674804688
1 195.1945037841797
2 205.54307556152344
3 206.3706512451172
4 206.6836395263672
5 208.14491271972656
6 212.32289123535156
7 213.1094970703125
8 214.530517578125
9 214.83139038085938
10 215.28253173828125
11 216.45681762695312
12 216.46258544921875
13 216.8495635986328
14 217.43734741210938
15 219.16842651367188
16 219.46347045898438
17 219.49095960786224
18 219.95791625976562
19 220.37799072265625
20 220.50375366210938
21 220.5904083251953
22 220.6610107421875
23 221.01227140825918
24 221.59671020507812
25 222.31341552734375
26 223.89877319335938
27 223.9329376220703
28 224.2544403076172
29 224.53323364257812
