0 200.41819763183594
1 205.81976318359375
2 213.31253051757812
3 213.50201416015625
4 216.3013916015625
5 216.80380249023438
6 217.3130340576172
7 221.1708984375
8 221.883544921875
9 225.17127990722656
10 226.60421752929688
11 226.69029235839844
12 226.83995056152344
13 230.31021118164062
14 230.36085510253906
15 231.10037101423111
16 231.17742919921875
17 231.3802490234375
18 232.464111328125
19 232.74581909179688
20 232.93821716308594
21 232.93821716308594
22 234.07528686523438
23 234.52783203125
24 234.57542419433594
25 234.66416931152344
26 235.0212860107422
27 235.37615966796875
28 235.76551818847656
29 235.7925567626953
