0 221.803466796875
1 226.24398803710938
2 226.79087829589844
3 227.3087921142578
4 228.176513671875
5 229.17970275878906
6 230.0179443359375
7 233.21975219907682
8 233.6963653564453
9 234.80386352539062
10 236.70382690429688
11 237.48995783063953
12 238.28213500976562
13 238.29733276367188
14 238.4685821533203
15 238.86404418945312
16 240.29270935058594
17 240.54296875
18 242.05914306640625
19 242.7024383544922
20 242.83761596679688
21 243.8591766357422
22 243.9199676513672
23 244.3011016845703
24 244.4076690673828
25 246.13711547851562
26 246.43255615234375
27 246.46392822265625
28 246.87013244628906
29 246.88497924804688
