0 212.01663208007812
1 212.46524047851562
2 215.59249877929688
3 217.5064697265625
4 218.93856811523438
5 219.231689453125
6 220.17649841308594
7 220.3173828125
8 221.19894409179688
9 221.4909980484827
10 221.63693237304688
11 222.64402770996094
12 222.71002197265625
13 223.40135192871094
14 223.43601989746094
15 225.72230529785156
16 225.83541870117188
17 225.9182891845703
18 225.96368408203125
19 226.02920532226562
20 226.27569580078125
21 226.36239624023438
22 226.3795166015625
23 226.4197998046875
24 226.55337524414062
25 226.59823608398438
26 227.01551818847656
27 227.4130401611328
28 227.46170043945312
29 228.14837646484375
