0 196.35606384277344
1 196.6527099609375
2 198.4792938232422
3 200.25
4 200.45126342773438
5 201.52462768554688
6 201.93719482421875
7 202.07008361816406
8 202.08901977539062
9 202.30397033691406
10 202.43942260742188
11 203.034912109375
12 203.13165283203125
13 203.96237182617188
14 204.05299377441406
15 204.1126251220703
16 204.1629638671875
17 204.5341796875
18 204.85745239257812
19 205.122314453125
20 205.1878662109375
21 205.21923828125
22 205.6441192626953
23 205.84735107421875
24 206.94760131835938
25 207.1102294921875
26 207.5286102294922
27 207.68130493164062
28 207.7693634033203
29 207.91696166992188
