0 228.10755920410156
1 276.6912841796875
2 276.71270751953125
3 279.37451171875
4 279.9550476074219
5 281.15869140625
6 282.48687744140625
7 283.302978515625
8 284.35467529296875
9 284.5718994140625
10 285.32952880859375
11 286.71759033203125
12 288.21771240234375
13 288.4151611328125
14 288.8454895019531
15 289.3412170410156
16 289.8988342285156
17 289.99560546875
18 290.20709228515625
19 290.54754638671875
20 290.6434631347656
21 291.4006042480469
22 291.43853759765625
23 291.8133850097656
24 291.8653564453125
25 292.1613464355469
26 292.173095703125
27 293.5582275390625
28 293.68682861328125
29 293.8126525878906
