0 228.7415313720703
1 239.89663696289062
2 244.0604248046875
3 250.2828826904297
4 255.66018676757812
5 260.37567138671875
6 262.24517822265625
7 263.57916259765625
8 264.1103515625
9 265.1276550292969
10 265.4896545410156
11 265.971923828125
12 266.22418212890625
13 266.8441162109375
14 267.130859375
15 267.8105163574219
16 268.9526672363281
17 269.3739013671875
18 270.2277526855469
19 270.2281188964844
20 272.2616271972656
21 274.0697326660156
22 274.2807922363281
23 274.6571960449219
24 275.47491455078125
25 276.7514343261719
26 276.8796107466375
27 277.4573974609375
28 277.4654541015625
29 278.32708740234375
