0 181.61822509765625
1 193.1448516845703
2 198.4440155029297
3 198.484130859375
4 199.15467834472656
5 202.36166381835938
6 202.40435791015625
7 204.13677978515625
8 205.2994384765625
9 205.42971801757812
10 205.4552001953125
11 207.78021240234375
12 209.57919311523438
13 209.83567810058594
14 210.4638671875
15 210.84402465820312
16 211.28289794921875
17 211.36947631835938
18 211.60659790039062
19 211.94244384765625
20 213.61956787109375
21 213.91140747070312
22 214.28932189941406
23 214.37415650158252
24 214.5224609375
25 215.28823852539062
26 216.76632690429688
27 217.0228729248047
28 218.48654174804688
29 218.79779052734375
