0 226.71929931640625
1 227.28231811523438
2 228.52005004882812
3 228.5860595703125
4 229.98699951171875
5 230.0400390625
6 231.1940155029297
7 232.58297729492188
8 233.44032287597656
9 234.78004455566406
10 235.41845703125
11 235.68182373046875
12 237.30715942382812
13 237.67977905273438
14 239.98699951171875
15 240.12193298339844
16 240.1302490234375
17 240.30113220214844
18 240.47496032714844
19 240.56642150878906
20 243.30084228515625
21 243.37289428710938
22 243.61270141601562
23 243.9838409423828
24 244.81829833984375
25 245.70864868164062
26 246.5432891845703
27 246.59368896484375
28 246.60845947265625
29 247.3646240234375
