0 155.53781127929688
1 177.80577087402344
2 187.91903686523438
3 198.53646850585938
4 217.6608123779297
5 219.42286682128906
6 225.5377655029297
7 227.0125274658203
8 228.37986755371094
9 228.4593048095703
10 229.58297729492188
11 231.32119750976562
12 232.431396484375
13 232.59725952148438
14 232.93264770507812
15 232.99192810058594
16 233.26126098632812
17 233.5972805800223
18 234.62930297851562
19 234.82034301757812
20 235.90145874023438
21 236.1388702392578
22 236.66615295410156
23 236.9040069580078
24 237.23736572265625
25 237.40126037597656
26 237.54379272460938
27 238.42800903320312
28 238.5730438232422
29 238.5737762451172
