0 183.79354858398438
1 185.836181640625
2 187.15310668945312
3 187.55130004882812
4 187.62307739257812
5 187.80599975585938
6 187.983154296875
7 189.78762817382812
8 191.15078735351562
9 191.1935272216797
10 191.82763671875
11 191.86151123046875
12 191.91482543945312
13 192.43638610839844
14 193.11341857910156
15 193.76864624023438
16 194.5023651123047
17 194.56497192382812
18 194.84613037109375
19 194.8986358642578
20 194.97879028320312
21 195.03839111328125
22 195.198974609375
23 195.25729370117188
24 195.37570190429688
25 195.48736572265625
26 196.02474975585938
27 196.2181396484375
28 196.35897827148438
29 197.13743591308594
