0 240.25198364257812
1 243.039306640625
2 247.894287109375
3 252.01895141601562
4 253.78497314453125
5 255.29896545410156
6 256.9301452636719
7 257.2364807128906
8 259.7533874511719
9 259.7625732421875
10 259.86248779296875
11 262.2158203125
12 262.8916931152344
13 263.1143798828125
14 263.2913513183594
15 263.3870544433594
16 263.66241455078125
17 264.2265319824219
18 264.6285400390625
19 264.8607482910156
20 265.017822265625
21 265.748046875
22 266.89752197265625
23 267.00885009765625
24 267.6321716308594
25 268.05487060546875
26 268.2231945695052
27 268.7513732910156
28 269.1192932128906
29 269.3572998046875
