0 221.80194091796875
1 223.78433227539062
2 227.52940368652344
3 228.35406494140625
4 228.4356689453125
5 233.8539581298828
6 236.2575225830078
7 237.05291748046875
8 237.44985961914062
9 238.3577423095703
10 239.2050323486328
11 240.7415008544922
12 240.8802490234375
13 241.50123596191406
14 241.80503845214844
15 242.39898681640625
16 243.23158264160156
17 243.31939697265625
18 243.3465576171875
19 244.6212921142578
20 245.50482177734375
21 245.55429077148438
22 246.2723846435547
23 246.52523803710938
24 246.6182861328125
25 246.8748779296875
26 246.90350341796875
27 247.47300720214844
28 247.50888061523438
29 247.53431701660156
