0 202.66575622558594
1 210.50328063964844
2 212.1732635498047
3 219.73785400390625
4 221.5831756591797
5 221.7837677001953
6 221.8681640625
7 223.05638122558594
8 225.2797088623047
9 226.4001922607422
10 227.67715454101562
11 229.06015014648438
12 229.24807739257812
13 229.34445190429688
14 229.92303169579927
15 230.3387451171875
16 230.56680297851562
17 233.08543395996094
18 234.19039916992188
19 234.43585602583082
20 234.69110107421875
21 234.97467041015625
22 235.78805541992188
23 236.53292846679688
24 237.20767211914062
25 237.5269317626953
26 237.6240692138672
27 237.73426818847656
28 238.79910278320312
29 238.99514770507812
