0 248.67263793945312
1 251.0966339111328
2 253.40386962890625
3 255.9735870361328
4 256.8017578125
5 257.9498291015625
6 258.3481750488281
7 261.8502197265625
8 262.44403076171875
9 262.6103820800781
10 263.73297119140625
11 264.2518310546875
12 264.81573486328125
13 265.0337829589844
14 266.68853759765625
15 266.7549743652344
16 267.0311279296875
17 267.54150390625
18 267.62322998046875
19 267.92694091796875
20 268.02587890625
21 268.1246337890625
22 268.63873291015625
23 268.7196044921875
24 269.06134033203125
25 269.40045166015625
26 269.4669189453125
27 269.75921630859375
28 270.4434814453125
29 270.51568603515625
