0 135.7677764892578
1 155.10977172851562
2 161.3814239501953
3 163.19920349121094
4 174.58078002929688
5 184.90342712402344
6 186.20155334472656
7 188.57823181152344
8 190.57839965820312
9 193.2084197998047
10 193.54510498046875
11 195.14234924316406
12 195.7891845703125
13 196.0061798095703
14 196.2925262451172
15 198.79135131835938
16 200.24008178710938
17 200.39085388183594
18 200.73170471191406
19 201.35775756835938
20 201.71670532226562
21 202.07278442382812
22 202.1383056640625
23 202.46353149414062
24 202.72341918945312
25 203.60678100585938
26 204.09730529785156
27 204.52630615234375
28 205.4205322265625
29 205.8597412109375
