0 202.42405700683594
1 208.67233276367188
2 211.09071350097656
3 213.96261596679688
4 215.25921630859375
5 215.29869079589844
6 215.7371826171875
7 217.70370483398438
8 218.89788818359375
9 220.73052978515625
10 221.46852111816406
11 221.55813598632812
12 221.59088134765625
13 222.825439453125
14 223.02862548828125
15 224.41720581054688
16 225.0953369140625
17 225.40621948242188
18 225.77569580078125
19 227.165771484375
20 227.2436981201172
21 227.33114624023438
22 227.40081787109375
23 227.46063232421875
24 227.6116943359375
25 227.8071746826172
26 227.98973083496094
27 228.06231689453125
28 228.1403350830078
29 228.44366455078125
