0 226.36817932128906
1 239.17173767089844
2 240.31637573242188
3 240.72879028320312
4 241.4632110595703
5 241.56983947753906
6 241.75584411621094
7 242.46665954589844
8 243.16018676757812
9 243.2690887451172
10 243.58299255371094
11 244.0061798095703
12 244.56524658203125
13 244.82418823242188
14 247.8538360595703
15 247.9232635498047
16 248.58676147460938
17 248.7064208984375
18 250.8132781982422
19 251.47933959960938
20 251.8508758544922
21 252.1047674142175
22 252.68643188476562
23 252.80242919921875
24 252.85604858398438
25 253.2311248779297
26 253.44528198242188
27 254.1185302734375
28 254.34869384765625
29 254.49478149414062
