0 223.20985412597656
1 225.29295349121094
2 227.77322387695312
3 233.78273010253906
4 235.72579956054688
5 237.82302856445312
6 240.53445434570312
7 245.08251953125
8 245.37777709960938
9 245.85337829589844
10 248.91268920898438
11 252.52713012695312
12 253.3377227783203
13 253.5601348876953
14 254.49505615234375
15 254.58203125
16 255.28567504882812
17 257.25384521484375
18 258.38348388671875
19 258.9062194824219
20 259.7784729003906
21 260.5360412597656
22 262.8163757324219
23 263.58642578125
24 263.70233154296875
25 264.0193176269531
26 264.1546325683594
27 264.25390625
28 264.446533203125
29 264.6135559082031
