0 244.71563720703125
1 245.037353515625
2 247.30191040039062
3 248.65663146972656
4 251.54147338867188
5 253.09579467773438
6 253.65194702148438
7 253.71530151367188
8 253.911376953125
9 254.26124572753906
10 254.80712890625
11 256.13153076171875
12 257.7909851074219
13 258.2154541015625
14 258.88079833984375
15 259.7175976583156
16 260.75262451171875
17 261.53082275390625
18 261.5770263671875
19 261.5893249511719
20 261.6639709472656
21 261.8597106933594
22 262.04376220703125
23 262.04376220703125
24 262.25396728515625
25 262.5359191894531
26 262.8580627441406
27 263.0311279296875
28 263.1671447753906
29 263.19610595703125
