0 191.63229370117188
1 195.4493408203125
2 205.9370574951172
3 207.79029846191406
4 210.91665649414062
5 218.9331817626953
6 220.71554565429688
7 222.2928009033203
8 222.3497314453125
9 223.2471160888672
10 229.86895751953125
11 231.7898406982422
12 232.93222045898438
13 236.2931671142578
14 237.6013946533203
15 238.06466674804688
16 238.6181640625
17 240.26100158691406
18 240.5850067138672
19 240.7892608642578
20 241.4533233642578
21 241.6321563720703
22 241.876953125
23 242.37332153320312
24 242.80531311035156
25 243.04946899414062
26 243.14736938476562
27 243.34432983398438
28 244.32498168945312
29 244.5495147705078
