0 194.64566040039062
1 198.5634307861328
2 206.09262084960938
3 211.6438751220703
4 218.0077667236328
5 221.76844787597656
6 221.77658081054688
7 223.89910888671875
8 224.09817504882812
9 227.5849609375
10 233.71461486816406
11 236.87081909179688
12 238.28082275390625
13 238.6322784423828
14 239.1539306640625
15 240.68109130859375
16 241.74343872070312
17 241.87362670898438
18 242.08551025390625
19 242.4638214111328
20 242.60116577148438
21 242.6664581298828
22 243.50343322753906
23 243.61663818359375
24 243.81060791015625
25 243.8287811279297
26 244.01199340820312
27 244.6412353515625
28 245.0697021484375
29 245.7203826904297
