0 213.05996704101562
1 229.26925659179688
2 233.77719116210938
3 234.6935272216797
4 235.6798553466797
5 238.4748992919922
6 239.96546936035156
7 241.35154724121094
8 241.37689208984375
9 242.65841674804688
10 245.4153594970703
11 245.99676513671875
12 248.49249267578125
13 248.4981689453125
14 249.08517456054688
15 249.55752563476562
16 249.64724731445312
17 250.00161743164062
18 250.10818481445312
19 250.48577880859375
20 250.50045776367188
21 251.28323364257812
22 251.3345947265625
23 251.4749596369496
24 251.5000457763672
25 251.54629516601562
26 253.9298095703125
27 254.08160400390625
28 255.034423828125
29 255.40762329101562
