0 168.71922302246094
1 172.22491455078125
2 173.06402587890625
3 175.01547241210938
4 176.14910888671875
5 176.51263427734375
6 176.95672607421875
7 177.84007263183594
8 178.08184814453125
9 178.26995849609375
10 178.72747802734375
11 179.60012817382812
12 179.73831176757812
13 180.46726989746094
14 180.89747619628906
15 181.64797973632812
16 182.02288818359375
17 182.1151123046875
18 182.171875
19 183.11285400390625
20 183.50067138671875
21 183.86660766601562
22 184.90542602539062
23 184.93873596191406
24 185.47296142578125
25 185.55482482910156
26 185.70053100585938
27 185.75221252441406
28 185.768798828125
29 185.95899963378906
