0 198.4358673095703
1 198.4424285888672
2 198.4856683154705
3 198.70767211914062
4 200.29978942871094
5 206.6246795654297
6 207.70809936523438
7 210.14181518554688
8 210.19651794433594
9 210.38916015625
10 211.2027587890625
11 213.15176391601562
12 214.51596069335938
13 216.39004516601562
14 217.25604248046875
15 217.6692657470703
16 218.95004272460938
17 219.42263793945312
18 219.74435424804688
19 220.38540649414062
20 220.87060546875
21 221.6025848388672
22 222.95114135742188
23 223.15017700195312
24 224.73507690429688
25 224.9172821044922
26 224.95787048339844
27 225.5475311279297
28 225.92977905273438
29 226.2998046875
