0 195.88436889648438
1 197.29339599609375
2 199.56393432617188
3 205.75430297851562
4 233.9191436767578
5 240.33653259277344
6 241.44180297851562
7 243.51699829101562
8 246.9204864501953
9 247.01858520507812
10 248.21231079101562
11 248.7335205078125
12 249.62826538085938
13 249.74868774414062
14 250.06790161132812
15 251.7539520263672
16 255.43038940429688
17 255.890625
18 257.41259765625
19 261.2976989746094
20 261.6054382324219
21 262.42974853515625
22 263.6063537597656
23 263.7327880859375
24 265.10845947265625
25 265.7257995605469
26 266.2691345214844
27 266.58984375
28 266.7476806640625
29 267.26763916015625
