0 229.90740966796875
1 261.5106506347656
2 262.3167724609375
3 262.38519287109375
4 266.00927734375
5 266.1133117675781
6 266.83245849609375
7 269.38818359375
8 271.2442626953125
9 271.499267578125
10 271.6947937011719
11 272.5862121582031
12 272.8539733886719
13 273.4543151855469
14 274.06719970703125
15 274.47381591796875
16 275.6818542480469
17 276.1487121582031
18 276.7030334472656
19 277.2368469238281
20 277.5186767578125
21 277.5545349121094
22 277.78131103515625
23 278.4550476074219
24 278.8865661621094
25 279.1399841308594
26 279.2181396484375
27 279.4291687011719
28 280.0181884765625
29 280.1036376953125
