0 226.6872100830078
1 245.58389282226562
2 249.57522583007812
3 253.84820556640625
4 254.7491455078125
5 256.02008056640625
6 257.5723876953125
7 259.2125244140625
8 260.0957336425781
9 262.8983154296875
10 264.3554992675781
11 265.16796875
12 265.685791015625
13 266.8036804199219
14 266.81103515625
15 268.55279541015625
16 268.6211853027344
17 270.2414245605469
18 270.2772216796875
19 271.4979553222656
20 272.5580749511719
21 273.6186218261719
22 274.6953125
23 275.1850891113281
24 275.4305114746094
25 276.5588684082031
26 276.80877685546875
27 277.7577819824219
28 279.51458740234375
29 279.5898742675781
