0 206.8748016357422
1 215.16143798828125
2 215.6248779296875
3 217.69241333007812
4 219.56932067871094
5 220.623291015625
6 221.15330505371094
7 221.47433471679688
8 226.3682098388672
9 226.5529022216797
10 227.1614227294922
11 227.990478515625
12 230.22300720214844
13 230.38758850097656
14 230.64051818847656
15 231.0299835205078
16 231.88290405273438
17 232.515869140625
18 233.05136108398438
19 233.82144165039062
20 233.85231018066406
21 234.7177734375
22 234.77603149414062
23 235.2327423095703
24 235.5683135986328
25 235.87513732910156
26 236.05072021484375
27 237.11355590820312
28 237.61648559570312
29 237.6327667236328
