0 214.20547485351562
1 214.54220581054688
2 219.52822875976562
3 220.24513244628906
4 223.91818237304688
5 224.27783203125
6 224.5795181256854
7 225.50038146972656
8 225.54287719726562
9 227.83816528320312
10 228.4215545654297
11 228.81478881835938
12 229.74114990234375
13 229.761962890625
14 231.35487365722656
15 232.06832885742188
16 232.08871459960938
17 232.08889770507812
18 232.767333984375
19 233.78775024414062
20 234.46047973632812
21 235.4697723388672
22 235.65927124023438
23 236.18275451660156
24 236.56414794921875
25 237.4292755126953
26 237.5438232421875
27 237.98277282714844
28 238.0157470703125
29 238.6280517578125
