0 200.93264770507812
1 202.46875
2 208.49449157714844
3 210.01254272460938
4 210.7884521484375
5 215.21412658691406
6 216.103515625
7 216.37620544433594
8 217.33399963378906
9 217.45252990722656
10 218.00257873535156
11 218.49322509765625
12 221.76478576660156
13 223.51426696777344
14 223.77963256835938
15 223.85922241210938
16 225.04022216796875
17 225.1194610595703
18 226.569580078125
19 228.06336975097656
20 228.1764678955078
21 228.33209228515625
22 228.816162109375
23 229.09913635253906
24 230.039794921875
25 230.33078002929688
26 231.9412078857422
27 232.05870056152344
28 232.39328002929688
29 232.67660522460938
