0 185.06036376953125
1 227.50877380371094
2 228.1522216796875
3 228.5484161376953
4 233.12147521972656
5 233.7677001953125
6 234.988525390625
7 235.3508758544922
8 236.20022583007812
9 236.55064392089844
10 238.47500610351562
11 238.50564575195312
12 238.60873413085938
13 241.7213897705078
14 242.3741455078125
15 243.6503448486328
16 243.7943115234375
17 244.5478515625
18 245.48855590820312
19 245.58274841308594
20 247.23416137695312
21 247.28590393066406
22 248.66940307617188
23 248.718017578125
24 248.88650512695312
25 249.09237670898438
26 249.5810089111328
27 250.8148193359375
28 252.11334228515625
29 252.17898559570312
