0 245.19805908203125
1 248.0576171875
2 252.74383544921875
3 260.3697509765625
4 262.7908630371094
5 262.91650390625
6 264.3524169921875
7 265.9571228027344
8 267.3257751464844
9 268.70965576171875
10 268.7646789550781
11 268.84796142578125
12 269.38836669921875
13 269.8609924316406
14 270.0722351074219
15 270.4761047363281
16 271.39996337890625
17 271.7646484375
18 271.7667541503906
19 271.9848327636719
20 274.173828125
21 274.20361328125
22 274.8962097167969
23 275.65875244140625
24 276.2081298828125
25 276.63970947265625
26 276.79901123046875
27 277.1956787109375
28 277.2030029296875
29 277.27142333984375
