0 256.9697265625
1 260.4718017578125
2 262.19089133750026
3 264.550537109375
4 264.899169921875
5 266.8067932128906
6 271.1268310546875
7 272.2456359863281
8 272.9077453613281
9 278.74566650390625
10 280.0958557128906
11 280.0958557128906
12 280.23883056640625
13 282.4656677246094
14 282.841796875
15 283.3490905761719
16 283.9502258300781
17 285.065185546875
18 285.1107177734375
19 285.2667236328125
20 285.6864013671875
21 286.2022705078125
22 286.7026672363281
23 286.935791015625
24 287.3910827636719
25 288.232666015625
26 288.57281494140625
27 288.70220947265625
28 289.038330078125
29 289.34661865234375
