0 206.70790100097656
1 223.1044921875
2 224.84329223632812
3 227.8306121826172
4 232.99513244628906
5 234.01271057128906
6 234.8043975830078
7 236.40968322753906
8 237.80908203125
9 239.98358154296875
10 240.85745239257812
11 241.857177734375
12 241.9761505126953
13 242.407958984375
14 242.65704345703125
15 243.09349060058594
16 244.85354614257812
17 245.16920471191406
18 245.40652465820312
19 245.49710083007812
20 246.00344848632812
21 246.39730834960938
22 246.82034301757812
23 246.84353637695312
24 247.13816833496094
25 247.14251708984375
26 247.20960998535156
27 248.66799926757812
28 248.91065979003906
29 249.10317993164062
