0 187.60789489746094
1 206.78555297851562
2 211.92091369628906
3 214.1212921142578
4 214.34483337402344
5 216.60012817382812
6 216.747314453125
7 222.77210998535156
8 223.02957153320312
9 223.05938720703125
10 223.7609100341797
11 225.61990356445312
12 225.86273193359375
13 225.99728393554688
14 226.5497215857918
15 227.22169494628906
16 227.45059204101562
17 228.28640747070312
18 228.8211212158203
19 228.84710693359375
20 229.01260375976562
21 229.0209503173828
22 229.1180419921875
23 229.30877685546875
24 229.52392578125
25 229.55535888671875
26 229.72525024414062
27 230.0452117919922
28 230.09439086914062
29 230.30726623535156
