0 206.03887939453125
1 211.72589111328125
2 215.28761291503906
3 222.6956024169922
4 229.48355102539062
5 235.57858276367188
6 235.80813598632812
7 242.35205078125
8 245.2464599609375
9 248.10513305664062
10 248.5882568359375
11 250.53094482421875
12 250.53094482421875
13 251.17286682128906
14 251.56495666503906
15 252.69117736816406
16 253.13540649414062
17 253.57974243164062
18 253.595458984375
19 253.89353942871094
20 256.99212646484375
21 258.0475158691406
22 258.7012939453125
23 258.7477111816406
24 258.828369140625
25 260.0380554199219
26 260.1011047363281
27 260.2203369140625
28 260.3765563964844
29 261.41375732421875
