0 210.60525512695312
1 211.73544311523438
2 214.35272216796875
3 218.8566131591797
4 221.61013793945312
5 226.8119354248047
6 227.50123596191406
7 229.36151123046875
8 230.36398315429688
9 231.23422241210938
10 231.51907348632812
11 233.88735961914062
12 234.72640991210938
13 236.43118286132812
14 236.9911651611328
15 237.43438720703125
16 238.12933349609375
17 239.18243408203125
18 239.18527221679688
19 240.3450469970703
20 240.892822265625
21 241.14462280273438
22 241.20143127441406
23 241.50120544433594
24 242.25125122070312
25 242.3814697265625
26 242.57052612304688
27 244.2411346435547
28 244.61279296875
29 244.71417236328125
