0 205.72226803380227
1 208.58103942871094
2 210.96957397460938
3 211.2098388671875
4 211.6275634765625
5 212.16574096679688
6 212.76873779296875
7 213.56060791015625
8 215.2320098876953
9 215.31040954589844
10 217.74807739257812
11 218.06887817382812
12 218.17706298828125
13 218.56228637695312
14 218.73886108398438
15 219.34524536132812
16 219.48533630371094
17 219.75942993164062
18 220.1302032470703
19 220.50425720214844
20 220.53726196289062
21 220.64938354492188
22 220.9118194580078
23 220.9263458251953
24 220.97032165527344
25 221.12628173828125
26 221.19085693359375
27 221.578369140625
28 221.5987548828125
29 221.6167449951172
