0 215.4735107421875
1 233.40780639648438
2 233.67132568359375
3 234.57286071777344
4 238.38922119140625
5 239.0416717529297
6 239.2684783935547
7 240.31594848632812
8 241.2655487060547
9 243.73513793945312
10 244.15541076660156
11 244.5736083984375
12 244.79269409179688
13 245.08868408203125
14 245.69314575195312
15 245.94845581054688
16 246.17039489746094
17 246.317626953125
18 247.1968231201172
19 247.51907348632812
20 247.6865234375
21 247.88687133789062
22 247.97744750976562
23 248.0325164794922
24 248.09475708007812
25 248.13729858398438
26 248.2146759033203
27 248.23867797851562
28 248.2996826171875
29 248.65362548828125
