0 235.08432006835938
1 241.94683837890625
2 242.61962890625
3 244.5153045654297
4 245.14991760253906
5 245.60598754882812
6 245.80581665039062
7 246.64813232421875
8 247.7667694091797
9 248.97203063964844
10 249.85577392578125
11 251.75967407226562
12 252.2587432861328
13 254.47409057617188
14 254.51930236816406
15 255.04595947265625
16 255.67547607421875
17 257.1673583984375
18 257.36834716796875
19 257.5384521484375
20 257.5439758300781
21 258.9840087890625
22 259.42333984375
23 261.51080322265625
24 261.61553955078125
25 261.7569580078125
26 261.8877258300781
27 263.6012878417969
28 264.7911071777344
29 265.33941650390625
