0 208.96324157714844
1 221.6376190185547
2 222.3699951171875
3 225.30123901367188
4 225.77520751953125
5 226.91683959960938
6 228.4809112548828
7 229.66796875
8 230.14797973632812
9 231.2698211669922
10 231.6442108154297
11 232.54507446289062
12 233.70486450195312
13 235.3416748046875
14 235.59278869628906
15 235.68955993652344
16 236.58670043945312
17 238.2841796875
18 238.59182739257812
19 239.40484619140625
20 239.51651000976562
21 239.85118103027344
22 240.3249969482422
23 240.43455505371094
24 240.86959838867188
25 241.2706298828125
26 241.37973022460938
27 241.60658264160156
28 241.71517944335938
29 241.72021484375
