0 255.53265380859375
1 262.5728759765625
2 263.9876403808594
3 264.4411926269531
4 267.208984375
5 272.94384765625
6 273.6351013183594
7 274.5965576171875
8 274.8077087402344
9 275.0009765625
10 275.0009765625
11 275.43121337890625
12 276.1956787109375
13 277.2396545410156
14 278.3280029296875
15 278.50372314453125
16 279.0184631347656
17 280.1924743652344
18 280.465087890625
19 280.64483642578125
20 281.0158996582031
21 281.80352783203125
22 282.2161560058594
23 282.70465087890625
24 283.0888977050781
25 283.0919494628906
26 283.14471435546875
27 283.2958984375
28 283.86285400390625
29 284.0599365234375
