0 194.88241577148438
1 198.6768341064453
2 203.61473083496094
3 205.85214233398438
4 207.3327178955078
5 207.82357788085938
6 208.4995574951172
7 208.58758544921875
8 209.5667724609375
9 209.86509704589844
10 210.17372131347656
11 210.72195434570312
12 210.82028198242188
13 212.06240844726562
14 212.34498596191406
15 212.57955932617188
16 213.4892578125
17 213.5961151123047
18 213.8819122314453
19 214.57272338867188
20 215.8903350830078
21 217.0634765625
22 217.34710693359375
23 217.41787719726562
24 219.20677185058594
25 220.39906311035156
26 220.61415100097656
27 220.72897338867188
28 220.79461669921875
29 221.06678771972656
