0 192.47763061523438
1 196.33009338378906
2 200.44747924804688
3 208.63723754882812
4 211.274169921875
5 214.52731323242188
6 214.75245666503906
7 217.11343383789062
8 217.5600348811426
9 220.18804931640625
10 221.00706481933594
11 222.1279296875
12 222.4171905517578
13 222.92135620117188
14 225.69154357910156
15 225.84730529785156
16 225.881591796875
17 226.698974609375
18 227.06704711914062
19 227.2322235107422
20 227.39454650878906
21 227.99835205078125
22 228.1285400390625
23 229.1571044921875
24 229.568115234375
25 230.36074829101562
26 230.888427734375
27 231.04434204101562
28 231.12210083007812
29 231.54034423828125
