0 190.78057861328125
1 199.57769775390625
2 201.71978759765625
3 211.4534912109375
4 213.4888916015625
5 216.2646484375
6 220.77606201171875
7 222.1030731201172
8 222.45115661621094
9 222.75030517578125
10 223.33241271972656
11 223.510498046875
12 224.08180236816406
13 224.91847229003906
14 224.9359893798828
15 225.58045959472656
16 225.66824340820312
17 226.62008666992188
18 228.698486328125
19 229.15902709960938
20 229.24627685546875
21 229.28988647460938
22 229.3667755126953
23 229.80076599121094
24 229.88726806640625
25 230.46713256835938
26 230.4758758544922
27 231.279052734375
28 232.05184936523438
29 232.67422485351562
