0 211.50997924804688
1 218.48046875
2 229.513427734375
3 231.37632751464844
4 232.16888427734375
5 234.2801055908203
6 234.82777404785156
7 235.50497436523438
8 237.59652709960938
9 238.0891876220703
10 240.07411193847656
11 240.1585693359375
12 240.63339233398438
13 241.9708709716797
14 242.35354614257812
15 242.96542358398438
16 243.41860961914062
17 243.5325469970703
18 244.03924560546875
19 245.20904541015625
20 246.10491943359375
21 246.51405334472656
22 246.7932891845703
23 246.98423767089844
24 247.2847137451172
25 247.53469848632812
26 248.79074096679688
27 248.90908813476562
28 249.19390869140625
29 249.2467498779297
