0 194.26666259765625
1 194.551025390625
2 198.60769653320312
3 200.0056915283203
4 200.6766815185547
5 203.03302001953125
6 204.00575256347656
7 205.79762268066406
8 206.40869140625
9 206.802978515625
10 209.239013671875
11 209.47988891601562
12 210.12838745117188
13 210.75909423828125
14 212.3771514892578
15 212.43060302734375
16 212.47982788085938
17 212.66744995117188
18 212.82411193847656
19 213.2527618408203
20 213.41970825195312
21 213.5793914794922
22 213.78341674804688
23 214.71536254882812
24 214.98805236816406
25 215.30746459960938
26 215.34420776367188
27 215.5115966796875
28 215.72085571289062
29 216.18115234375
