0 177.364990234375
1 181.2633056640625
2 182.20120239257812
3 182.696533203125
4 182.8768310546875
5 183.1068115234375
6 186.94534301757812
7 187.52041625976562
8 189.28053283691406
9 193.1134796142578
10 195.60052490234375
11 196.1130828857422
12 196.77188110351562
13 199.27621459960938
14 199.932373046875
15 201.15719604492188
16 202.17686462402344
17 203.05923461914062
18 203.55247497558594
19 204.0107879638672
20 204.40758042843072
21 204.92149353027344
22 205.9265594482422
23 205.9889678955078
24 205.9889678955078
25 206.05044555664062
26 207.99534606933594
27 207.99740600585938
28 208.11448669433594
29 208.4094696044922
