0 166.1477813720703
1 170.5747528076172
2 187.31207275390625
3 188.78575134277344
4 192.40170288085938
5 193.98440551757812
6 194.03887939453125
7 194.57205200195312
8 195.36094665527344
9 198.53201293945312
10 199.46592712402344
11 199.69058227539062
12 200.22723388671875
13 201.9957733154297
14 202.00840759277344
15 202.21627807617188
16 202.38519287109375
17 202.96035766601562
18 203.9254150390625
19 203.951904296875
20 204.50161743164062
21 204.68380737304688
22 204.75143432617188
23 204.9620361328125
24 205.22837829589844
25 205.964365926716
26 206.33909606933594
27 206.60328674316406
28 206.95518493652344
29 207.2750244140625
