0 222.7584228515625
1 225.54293823242188
2 226.67822265625
3 227.02008056640625
4 229.8760223388672
5 230.42828369140625
6 231.99813842773438
7 233.18154907226562
8 235.7382354736328
9 237.2188262939453
10 237.74374389648438
11 237.93235778808594
12 238.5261688232422
13 239.47683715820312
14 239.77096557617188
15 240.0344696044922
16 240.20155334472656
17 240.47705078125
18 240.96754455566406
19 241.06613159179688
20 241.87551879882812
21 241.93104553222656
22 242.15533447265625
23 243.10214233398438
24 243.1627960205078
25 243.30665588378906
26 243.42227172851562
27 243.8707275390625
28 244.20745849609375
29 244.22509765625
