0 180.24017333984375
1 200.96200561523438
2 202.74478770764
3 204.6641845703125
4 206.11566162109375
5 211.33517456054688
6 213.92208862304688
7 215.31396484375
8 216.56439208984375
9 217.49404907226562
10 220.96624755859375
11 221.67213439941406
12 222.01022338867188
13 222.16275024414062
14 223.07730102539062
15 223.4447784423828
16 223.6922607421875
17 224.62985229492188
18 225.2100067138672
19 225.27737426757812
20 225.95407104492188
21 226.02166748046875
22 226.4353485107422
23 227.24154663085938
24 227.54380798339844
25 228.03565979003906
26 228.04443359375
27 228.7658233642578
28 228.84056091308594
29 228.90594482421875
