0 175.54196166992188
1 178.0769805908203
2 180.16915893554688
3 181.3690643310547
4 182.99368286132812
5 183.65713500976562
6 183.7530975341797
7 185.2337646484375
8 185.8314208984375
9 186.30325317382812
10 186.8008270263672
11 187.21807861328125
12 187.37347412109375
13 187.81471252441406
14 188.04165649414062
15 188.2872314453125
16 188.48828125
17 189.05511474609375
18 189.2989044189453
19 189.32603454589844
20 190.03981018066406
21 190.36634826660156
22 190.57284545898438
23 190.81939697265625
24 190.83120727539062
25 191.41885375976562
26 192.01051330566406
27 192.072265625
28 192.2736053466797
29 192.39407348632812
