0 189.8231201171875
1 202.343994140625
2 208.40066528320312
3 209.65472412109375
4 211.16738891601562
5 211.64540100097656
6 211.70582580566406
7 212.55113220214844
8 212.82598876953125
9 213.38491821289062
10 213.63053949642995
11 213.68914794921875
12 213.8895263671875
13 214.56492614746094
14 214.79385375976562
15 215.47366333007812
16 217.48776245117188
17 217.8589630126953
18 218.760498046875
19 218.81332397460938
20 219.366943359375
21 219.92544555664062
22 220.6625213623047
23 221.19110107421875
24 221.31002807617188
25 221.43978881835938
26 221.5367889404297
27 221.55470275878906
28 221.6432647705078
29 221.70013274557013
