0 220.5496063232422
1 224.2760772705078
2 230.23971557617188
3 233.87759399414062
4 234.9261932373047
5 242.9102020263672
6 243.22296142578125
7 246.18930053710938
8 246.64712524414062
9 247.4402313232422
10 248.6710205078125
11 248.83810424804688
12 249.3666229248047
13 250.29078674316406
14 251.69940185546875
15 252.32701110839844
16 252.63168334960938
17 256.7078552246094
18 257.7418518066406
19 257.82952880859375
20 258.356689453125
21 259.6497802734375
22 259.65142822265625
23 261.0155029296875
24 261.0732727050781
25 261.376220703125
26 261.94769287109375
27 264.370361328125
28 266.02880859375
29 266.90838623046875
