0 228.63705444335938
1 237.27059936523438
2 239.86611938476562
3 242.5779266357422
4 245.8860321044922
5 246.32269287109375
6 247.23426818847656
7 248.18270874023438
8 248.45135498046875
9 248.62808227539062
10 249.420166015625
11 250.53033447265625
12 250.8331298828125
13 251.5615234375
14 251.95408630371094
15 252.66856384277344
16 253.22061157226562
17 255.11968994140625
18 255.50189208984375
19 256.020263671875
20 256.134066783485
21 256.8018798828125
22 257.0437316894531
23 257.13103929689396
24 257.29852294921875
25 257.39385986328125
26 257.41705322265625
27 257.44732666015625
28 257.6031188964844
29 257.65234375
