0 229.97555541992188
1 252.58782958984375
2 257.22686767578125
3 258.7560119628906
4 258.9710693359375
5 259.2156982421875
6 260.3776550292969
7 261.7423400878906
8 261.90496826171875
9 262.3356018066406
10 262.35003662109375
11 262.3682861328125
12 262.4159851074219
13 263.0322265625
14 264.24749755859375
15 265.63128662109375
16 265.637451171875
17 266.33710082666073
18 267.2720947265625
19 267.5946350097656
20 267.85125732421875
21 268.22027587890625
22 268.69439697265625
23 268.696533203125
24 269.2860107421875
25 269.58685302734375
26 270.00384521484375
27 270.33111572265625
28 270.40478515625
29 271.04949951171875
