0 185.91036987304688
1 206.17678833007812
2 209.22767639160156
3 212.11085510253906
4 213.52279663085938
5 213.8303985595703
6 216.04672241210938
7 216.39859008789062
8 217.26861572265625
9 218.5572509765625
10 218.81814575195312
11 220.02035522460938
12 220.341796875
13 221.3173828125
14 222.3849639892578
15 223.599853515625
16 227.51617431640625
17 227.64218139648438
18 228.08865356445312
19 228.2156982421875
20 228.5431671142578
21 228.59307861328125
22 228.61544799804688
23 229.98251342773438
24 230.18789672851562
25 230.90480041503906
26 231.33578491210938
27 231.71914672851562
28 231.7879638671875
29 232.01504516601562
