0 171.9326171875
1 179.91998291015625
2 179.92120361328125
3 191.96971130371094
4 195.98715209960938
5 198.8780059814453
6 199.77780151367188
7 200.12803649902344
8 201.17117309570312
9 201.293701171875
10 201.85250854492188
11 202.02699279785156
12 202.10076904296875
13 202.30125427246094
14 202.57821655273438
15 203.2034149169922
16 203.51527404785156
17 203.67019653320312
18 203.9188232421875
19 204.58653259277344
20 204.81777954101562
21 205.01414489746094
22 205.0749053955078
23 205.27882385253906
24 205.3166961669922
25 205.54184412315902
26 206.05224609375
27 206.2628936767578
28 206.50091552734375
29 206.87841796875
