0 214.58917236328125
1 221.5223388671875
2 222.3997802734375
3 225.09979248046875
4 225.5282440185547
5 226.28314208984375
6 226.74874877929688
7 227.25137329101562
8 227.29840087890625
9 227.3026123046875
10 227.67254638671875
11 227.79330444335938
12 228.57379150390625
13 229.79721069335938
14 230.0108642578125
15 230.0408477783203
16 230.66432189941406
17 230.77633666992188
18 230.96694946289062
19 231.2176971435547
20 232.50225830078125
21 233.24752807617188
22 233.29049682617188
23 234.24685668945312
24 234.4143421995321
25 234.4292449951172
26 234.5301971435547
27 235.12631225585938
28 235.35263061523438
29 235.99679565429688
