0 231.71571350097656
1 238.23890686035156
2 240.47122192382812
3 242.4892120361328
4 246.29689025878906
5 248.24525451660156
6 248.97796630859375
7 249.98379516601562
8 251.13516235351562
9 252.92739868164062
10 253.22323608398438
11 254.01400756835938
12 254.43252563476562
13 254.49171447753906
14 254.52117919921875
15 255.49028573880418
16 256.6706237792969
17 256.85418701171875
18 257.00274658203125
19 257.5460510253906
20 257.9927673339844
21 258.2913513183594
22 258.2913513183594
23 258.5357971191406
24 258.7706298828125
25 259.05047607421875
26 260.500732421875
27 260.8598937988281
28 261.2366638183594
29 262.3101806640625
