0 181.3927001953125
1 185.68214416503906
2 212.1681365966797
3 214.75636291503906
4 216.96771240234375
5 219.09662543945123
6 220.22853088378906
7 220.23464965820312
8 220.29612731933594
9 220.78158569335938
10 222.65061950683594
11 224.14410400390625
12 224.2069854736328
13 224.28955078125
14 224.83499145507812
15 225.27085876464844
16 226.0449676513672
17 226.39288330078125
18 226.8679962158203
19 228.627685546875
20 229.98880004882812
21 230.15835571289062
22 230.36654663085938
23 230.48008728027344
24 230.49911499023438
25 232.28192138671875
26 232.6870880126953
27 232.84307861328125
28 232.95657348632812
29 233.49049377441406
