0 183.5092010498047
1 186.3592987060547
2 189.27139282226562
3 190.57969665527344
4 190.67733764648438
5 190.73123168945312
6 190.99037170410156
7 193.46517944335938
8 194.19349670410156
9 195.13626098632812
10 195.1714324951172
11 195.50961303710938
12 195.94488525390625
13 196.11465454101562
14 196.43350219726562
15 196.67559814453125
16 196.98204040527344
17 197.28790283203125
18 197.38758850097656
19 197.88458251953125
20 198.03097534179688
21 198.5377197265625
22 198.9810791015625
23 199.25637817382812
24 199.75103759765625
25 200.03164672851562
26 200.31143188476562
27 200.5845184326172
28 200.7749786376953
29 201.10447692871094
