0 231.28404235839844
1 236.3217315673828
2 238.98828125
3 240.4287109375
4 240.5621337890625
5 241.26129150390625
6 241.7013702392578
7 243.97532653808594
8 246.10400390625
9 247.20223999023438
10 247.33456420898438
11 248.25619506835938
12 248.76116943359375
13 248.90364791683356
14 249.087158203125
15 250.84954833984375
16 250.99752807617188
17 251.0006866455078
18 251.7969970703125
19 251.87042236328125
20 252.08741760253906
21 253.34915161132812
22 254.2244415283203
23 255.06549072265625
24 255.1237335205078
25 255.19775390625
26 255.28286743164062
27 255.35504150390625
28 255.48049926757812
29 255.83978271484375
