0 145.6596221923828
1 206.6424560546875
2 210.8046875
3 213.0032196044922
4 213.62779235839844
5 214.19847106933594
6 216.1976318359375
7 216.27182006835938
8 217.44520568847656
9 217.8626708984375
10 218.60519409179688
11 218.7391815185547
12 218.81759643554688
13 219.03848266601562
14 219.0788116455078
15 219.16143798828125
16 220.41375732421875
17 220.4988250732422
18 220.9290313720703
19 221.04861450195312
20 221.20428466796875
21 221.37286376953125
22 221.6028289794922
23 221.96371459960938
24 221.96722412109375
25 222.68609619140625
26 222.73338317871094
27 223.00588989257812
28 223.14935302734375
29 223.30108642578125
