0 228.2938232421875
1 230.21734619140625
2 230.92662048339844
3 232.28909301757812
4 233.50411987304688
5 233.58729553222656
6 233.92759704589844
7 234.36630249023438
8 235.88189697265625
9 236.58120727539062
10 237.3112335205078
11 238.62501525878906
12 238.73120076944573
13 238.9713592529297
14 239.66641235351562
15 240.25979614257812
16 241.146240234375
17 241.27210998535156
18 241.54415893554688
19 242.2869873046875
20 243.12400817871094
21 243.26022338867188
22 243.66635131835938
23 244.47412109375
24 244.66407775878906
25 244.80206298828125
26 245.22744750976562
27 245.23934936523438
28 245.8428955078125
29 246.29327392578125
