0 257.20513916015625
1 258.5771484375
2 258.5868835449219
3 259.8431396484375
4 261.63214111328125
5 261.71435546875
6 263.44110107421875
7 263.4634704589844
8 268.0440368652344
9 269.7550048828125
10 270.3860778808594
11 273.0793762207031
12 274.1090393066406
13 274.588623046875
14 275.5969558535975
15 277.659912109375
16 277.8974914550781
17 277.90447998046875
18 282.33514404296875
19 282.40887451171875
20 282.88470458984375
21 283.0814208984375
22 283.86041259765625
23 284.2366943359375
24 285.11175537109375
25 287.549072265625
26 287.6770935058594
27 289.2925720214844
28 290.26885986328125
29 290.60137939453125
