0 182.22549438476562
1 187.52203369140625
2 187.9188232421875
3 189.37844848632812
4 189.55506896972656
5 189.9603271484375
6 191.36611938476562
7 191.93258666992188
8 192.00521850585938
9 192.046630859375
10 192.11080932617188
11 193.39495849609375
12 195.32241821289062
13 196.96286010742188
14 197.07582092285156
15 197.09259033203125
16 197.12493896484375
17 197.33065795898438
18 197.57513427734375
19 197.6040496826172
20 197.78543090820312
21 198.26821899414062
22 198.45379638671875
23 198.535400390625
24 198.71536254882812
25 198.82333374023438
26 198.92697143554688
27 199.1196746826172
28 199.47109985351562
29 199.8504180908203
