0 238.42124938964844
1 240.57586669921875
2 240.8740234375
3 244.6595001220703
4 245.95166015625
5 246.257080078125
6 246.7521209716797
7 248.5986328125
8 249.6567840576172
9 250.88436889648438
10 250.9147186279297
11 252.38201904296875
12 253.05682373046875
13 253.40769958496094
14 254.5930633544922
15 254.7501983642578
16 254.80587768554688
17 255.40109252929688
18 256.3291320800781
19 256.7304382324219
20 257.2153625488281
21 257.592041015625
22 258.3916320800781
23 259.2608642578125
24 259.3411865234375
25 259.5227966308594
26 259.7161560058594
27 259.73065185546875
28 259.9180908203125
29 261.561767578125
