0 298.844970703125
1 305.4162902832031
2 307.3973083496094
3 313.0528869628906
4 313.1632080078125
5 313.59259033203125
6 315.181884765625
7 317.0456237792969
8 317.18280029296875
9 317.3030700683594
10 317.30657958984375
11 318.83123779296875
12 320.4631042480469
13 320.55389404296875
14 320.815185546875
15 321.4118957519531
16 321.70361328125
17 321.9753723144531
18 322.5169982910156
19 322.5648193359375
20 323.33673095703125
21 323.8033752441406
22 323.8414001464844
23 323.9833068847656
24 324.50250244140625
25 324.52532958984375
26 325.95770263671875
27 326.44244384765625
28 326.689453125
29 327.8125
