0 195.08621215820312
1 210.0972137451172
2 213.65805053710938
3 214.4589385986328
4 214.46786499023438
5 215.13963317871094
6 216.99969482421875
7 218.17071533203125
8 225.50885009765625
9 225.56787109375
10 225.7205047607422
11 226.1202850341797
12 227.9977264404297
13 228.83547973632812
14 229.6384735107422
15 230.0055389404297
16 230.8277587890625
17 231.23451232910156
18 231.31060791015625
19 231.31553649902344
20 232.63803100585938
21 232.70199584960938
22 232.76148986816406
23 233.8751220703125
24 233.92184448242188
25 234.15086364746094
26 234.27716064453125
27 234.30604553222656
28 235.149658203125
29 235.4469451904297
