0 207.12307739257812
1 209.53451538085938
2 218.50254821777344
3 220.22708129882812
4 227.9992218017578
5 228.67233276367188
6 230.5079345703125
7 230.5530548095703
8 231.5325469970703
9 233.32296752929688
10 233.712890625
11 233.90011596679688
12 234.27503967285156
13 234.9734649658203
14 235.35983276367188
15 235.80206298828125
16 236.13897705078125
17 236.50149536132812
18 237.00274658203125
19 237.43447875976562
20 237.45091247558594
21 237.54205322265625
22 237.70770263671875
23 237.7781524658203
24 238.13572692871094
25 238.4351806640625
26 239.44064331054688
27 239.49783325195312
28 240.1976776123047
29 240.2757110595703
