0 214.4342803955078
1 223.49221801757812
2 224.93328857421875
3 225.33734130859375
4 226.66778564453125
5 228.36880493164062
6 229.13331604003906
7 229.51612854003906
8 229.62307739257812
9 232.07823181152344
10 232.89279174804688
11 233.24252319335938
12 233.4055938720703
13 235.16958618164062
14 235.31678771972656
15 235.33578491210938
16 235.79000854492188
17 237.15719604492188
18 239.31375122070312
19 239.65328979492188
20 242.24710083007812
21 242.83912658691406
22 242.9713134765625
23 243.41708374023438
24 243.44439697265625
25 243.89266967773438
26 244.81552124023438
27 245.1168975830078
28 245.34056091308594
29 247.83697509765625
