0 206.98695373535156
1 218.8131867775225
2 219.34619140625
3 219.95159912109375
4 220.60751342773438
5 222.98007202148438
6 223.35891723632812
7 224.61001586914062
8 224.78834533691406
9 226.1240692138672
10 226.18927001953125
11 228.10716247558594
12 229.09608459472656
13 232.13072204589844
14 232.3370361328125
15 232.96661376953125
16 233.81002807617188
17 234.41387939453125
18 235.0219268798828
19 235.36639404296875
20 235.38063049316406
21 237.4314422607422
22 237.91842651367188
23 238.13442993164062
24 238.35574340820312
25 238.5252685546875
26 240.31590270996094
27 240.33131408691406
28 240.5083465576172
29 241.11846923828125
