0 196.80174255371094
1 199.44293212890625
2 200.9786376953125
3 204.44886779785156
4 205.78012084960938
5 205.82672119140625
6 209.04331970214844
7 210.76031494140625
8 213.2015838623047
9 217.06398010253906
10 218.1169891357422
11 220.96392822265625
12 221.63458251953125
13 222.12257385253906
14 223.94273376464844
15 224.44937133789062
16 224.568603515625
17 225.1519012451172
18 225.24838256835938
19 225.2998504638672
20 226.99276733398438
21 227.16915893554688
22 227.26315307617188
23 227.3245086669922
24 227.38455200195312
25 228.3680877685547
26 229.10020446777344
27 229.13125610351562
28 229.41941833496094
29 229.5333709716797
