0 223.72239685058594
1 226.9804229736328
2 228.98594665527344
3 238.93801879882812
4 239.6718292236328
5 241.05938720703125
6 242.83206176757812
7 243.4514923095703
8 245.58944702148438
9 245.65260314941406
10 245.87135314941406
11 246.98388671875
12 247.26666259765625
13 247.9207763671875
14 248.20401000976562
15 248.2533721923828
16 248.71539306640625
17 249.81544494628906
18 250.17066955566406
19 251.1014862060547
20 251.30718994140625
21 251.6787109375
22 251.7695770263672
23 251.99285888671875
24 252.31680297851562
25 253.10655212402344
26 254.03634643554688
27 254.14515686035156
28 254.17877197265625
29 254.47955322265625
