0 267.74310302734375
1 287.236328125
2 287.7540283203125
3 288.23260498046875
4 288.3327941894531
5 290.44122314453125
6 291.4990234375
7 295.6670837402344
8 297.624267578125
9 298.8946533203125
10 299.1931457519531
11 299.6556091308594
12 299.6756286621094
13 299.88494873046875
14 300.0470886230469
15 300.188232421875
16 300.4671936035156
17 301.12274169921875
18 302.022216796875
19 302.408447265625
20 302.5329284667969
21 302.55999755859375
22 302.74658203125
23 303.0581359863281
24 304.12713623046875
25 305.035400390625
26 305.3819580078125
27 306.5184020996094
28 307.4606018066406
29 307.5521240234375
