0 207.11865234375
1 215.6806182861328
2 216.59619140625
3 217.2475128173828
4 217.48580932617188
5 217.9742431640625
6 218.2938690185547
7 219.4490203857422
8 220.37255859375
9 220.6228790283203
10 221.871337890625
11 222.15000915527344
12 223.40167236328125
13 224.8706817626953
14 225.31387329101562
15 225.3446502685547
16 225.78597556588068
17 226.1634979248047
18 226.41357421875
19 226.48031616210938
20 227.2612762451172
21 227.93568420410156
22 228.1471710205078
23 228.24612426757812
24 228.26918029785156
25 229.72061157226562
26 230.015380859375
27 230.75650024414062
28 231.11175537109375
29 231.16940307617188
