0 179.3193359375
1 188.85816955566406
2 189.07736206054688
3 193.8631134033203
4 197.00205993652344
5 200.589599609375
6 202.35682678222656
7 202.42098999023438
8 203.53099060058594
9 203.8896484375
10 204.04896545410156
11 205.6156768798828
12 205.65789794921875
13 206.02560424804688
14 206.89573669433594
15 207.87631225585938
16 208.02749633789062
17 208.36630249023438
18 208.78933715820312
19 209.5845184326172
20 211.4489288330078
21 211.8488311767578
22 212.37733459472656
23 212.94744873046875
24 216.75515747070312
25 217.59153747558594
26 217.73123168945312
27 218.84817504882812
28 219.29173278808594
29 219.53121948242188
