0 245.6593017578125
1 253.15675354003906
2 253.838134765625
3 254.8367919921875
4 255.87307739257812
5 256.0917663574219
6 256.1275939941406
7 257.65203857421875
8 258.66448974609375
9 259.2602233886719
10 259.9071960449219
11 260.2908935546875
12 260.4355163574219
13 260.7869567871094
14 260.94805908203125
15 261.09881591796875
16 262.4337585275015
17 262.5776672363281
18 262.997314453125
19 263.64404296875
20 264.6812744140625
21 264.9172668457031
22 265.1947021484375
23 265.2622985839844
24 265.6531982421875
25 265.6921691894531
26 265.9482421875
27 266.14593505859375
28 266.1500549316406
29 266.46966552734375
