0 177.78956604003906
1 178.25344848632812
2 179.2437286376953
3 183.15809631347656
4 183.23162841796875
5 183.95223999023438
6 186.88975524902344
7 187.04339599609375
8 188.03919982910156
9 188.04202270507812
10 188.88211059570312
11 189.16421508789062
12 189.8784637451172
13 191.981689453125
14 192.6671905517578
15 192.757568359375
16 193.56085205078125
17 193.67373657226562
18 193.72850036621094
19 194.00250244140625
20 194.2428741455078
21 194.49923706054688
22 194.55892944335938
23 195.06101989746094
24 195.37445068359375
25 195.38003540039062
26 195.44766235351562
27 195.4938201904297
28 195.56234741210938
29 195.98028564453125
