0 198.49842834472656
1 204.257080078125
2 207.0597381591797
3 207.27206420898438
4 208.675537109375
5 210.08387756347656
6 210.3058624267578
7 211.11439514160156
8 211.44284057617188
9 213.09637451171875
10 213.71856689453125
11 218.3952178955078
12 218.78421020507812
13 219.6066436767578
14 219.64187622070312
15 219.86956787109375
16 220.32049560546875
17 221.9849395751953
18 222.32333374023438
19 222.79608154296875
20 223.22613525390625
21 224.0910186767578
22 224.30079650878906
23 225.27557373046875
24 227.04879760742188
25 227.1889190673828
26 227.63412475585938
27 229.36758422851562
28 229.41165161132812
29 229.5673370361328
