0 203.38311767578125
1 217.95675659179688
2 219.73828125
3 224.18524169921875
4 224.2814483642578
5 225.97030639648438
6 227.251220703125
7 229.08609008789062
8 230.90670776367188
9 231.8050537109375
10 233.4296417236328
11 235.703857421875
12 236.01055908203125
13 237.69081115722656
14 237.77960205078125
15 237.79879760742188
16 238.47364807128906
17 238.87014770507812
18 239.44070434570312
19 239.45945739746094
20 240.31024169921875
21 240.42819213867188
22 240.81526892965934
23 242.21624755859375
24 243.16990661621094
25 243.408203125
26 243.4485321044922
27 243.85162353515625
28 243.88705444335938
29 243.90150451660156
