0 173.6542205810547
1 192.56748962402344
2 205.87908935546875
3 206.03628540039062
4 207.20965576171875
5 207.7675018310547
6 208.44140625
7 210.0929718017578
8 212.78433227539062
9 215.06326293945312
10 215.33056640625
11 218.20484924316406
12 218.7843017578125
13 219.58030700683594
14 219.76641845703125
15 220.08175659179688
16 220.17572021484375
17 220.49327087402344
18 221.67193603515625
19 221.87301635742188
20 221.87599182128906
21 222.04360961914062
22 222.12142944335938
23 222.27142333984375
24 222.59597778320312
25 222.65301513671875
26 223.23207092285156
27 223.39193725585938
28 223.4259490966797
29 223.48361206054688
