0 195.64114379882812
1 198.97918701171875
2 202.95033264160156
3 203.09896850585938
4 203.1924285888672
5 207.26963806152344
6 207.80862426757812
7 210.2587432861328
8 210.70852661132812
9 210.98348999023438
10 211.50088500976562
11 212.47555541992188
12 213.9525146484375
13 214.247314453125
14 214.766357421875
15 214.76749183903465
16 215.10516357421875
17 215.27227783203125
18 216.01608276367188
19 216.5865478515625
20 216.90081787109375
21 217.41004943847656
22 217.498046875
23 217.55294799804688
24 218.8243408203125
25 219.0576934814453
26 219.11363220214844
27 219.4520263671875
28 219.5034942626953
29 220.6259002685547
