0 271.61822509765625
1 272.6711730957031
2 273.60894775390625
3 274.96551513671875
4 275.14093017578125
5 276.9041748046875
6 279.2035827636719
7 280.4975891113281
8 280.54473876953125
9 281.7117919921875
10 282.0582275390625
11 284.5386962890625
12 284.6661376953125
13 285.30523681640625
14 285.7923583984375
15 285.91748046875
16 286.6014709472656
17 286.97161865234375
18 288.545166015625
19 289.8710021972656
20 289.88232421875
21 290.35400390625
22 290.77142333984375
23 291.3710021972656
24 291.71337890625
25 292.052001953125
26 292.40399169921875
27 292.51043701171875
28 292.6125983498857
29 292.6675720214844
