0 171.21377563476562
1 173.2675323486328
2 173.6134033203125
3 176.1661376953125
4 176.8608856201172
5 177.04269409179688
6 182.30154418945312
7 183.36428833007812
8 187.51910400390625
9 191.53663635253906
10 196.10940551757812
11 201.87677001953125
12 202.92608642578125
13 203.44815063476562
14 203.8935546875
15 204.0035400390625
16 204.08505249023438
17 204.9169158935547
18 205.26446533203125
19 205.61793518066406
20 207.15066528320312
21 207.27166748046875
22 207.33392333984375
23 207.40130615234375
24 209.30795288085938
25 210.0379180908203
26 210.44390869140625
27 211.72909660968443
28 212.4258575439453
29 212.86630249023438
