0 256.0003662109375
1 256.9764099121094
2 260.3590087890625
3 263.46270751953125
4 266.81268310546875
5 267.64788818359375
6 268.0973815917969
7 271.768310546875
8 273.0347595214844
9 273.3451843261719
10 273.50103759765625
11 276.27972412109375
12 276.6527099609375
13 277.11553955078125
14 278.2593994140625
15 278.7437438964844
16 279.38966445184866
17 279.4289855957031
18 279.43157958984375
19 279.8974304199219
20 280.4748840332031
21 280.9391784667969
22 281.275390625
23 282.41412353515625
24 282.61627197265625
25 283.2878723144531
26 283.70269775390625
27 284.4801330566406
28 284.51953125
29 284.5692443847656
