0 194.37242126464844
1 197.50069964654335
2 198.4468994140625
3 198.48423767089844
4 198.62623596191406
5 199.3047637939453
6 200.85609436035156
7 200.89224243164062
8 203.18678283691406
9 203.23731994628906
10 203.98309326171875
11 204.4676513671875
12 205.2628631591797
13 205.360595703125
14 205.79595947265625
15 205.8590545654297
16 207.33924865722656
17 207.68023681640625
18 208.02708435058594
19 208.10604858398438
20 208.30593872070312
21 208.4027557373047
22 208.62078857421875
23 208.7635955810547
24 209.03781127929688
25 209.11585998535156
26 209.3040771484375
27 209.682861328125
28 209.97642517089844
29 210.28082275390625
