0 257.050537109375
1 257.44940185546875
2 257.988037109375
3 258.5682373046875
4 258.663818359375
5 260.1112976074219
6 261.4393310546875
7 262.26763916015625
8 263.20391845703125
9 263.38922119140625
10 263.775146484375
11 264.4732971191406
12 264.7438049316406
13 265.34356689453125
14 265.4005126953125
15 266.0228271484375
16 266.5810241699219
17 266.6013488769531
18 266.7457275390625
19 267.04351806640625
20 267.9340515136719
21 268.5104064941406
22 268.811767578125
23 268.8235168457031
24 269.32373046875
25 269.5120849609375
26 269.64703369140625
27 270.0830383300781
28 270.218994140625
29 270.3341064453125
