0 227.29043579101562
1 227.92596435546875
2 229.13241577148438
3 233.16915893554688
4 233.54461669921875
5 235.06240844726562
6 235.12237548828125
7 235.4879150390625
8 237.38528442382812
9 238.56246948242188
10 238.718505859375
11 239.76861572265625
12 239.86721801757812
13 240.16146850585938
14 241.03411865234375
15 241.26083374023438
16 242.11895751953125
17 243.191162109375
18 243.54644775390625
19 244.28775024414062
20 244.51239013671875
21 244.94833374023438
22 245.61537170410156
23 246.7449188232422
24 246.8006591796875
25 246.9427947998047
26 247.21304321289062
27 247.29002380371094
28 247.5344696044922
29 247.66477966308594
