0 198.17034912109375
1 205.693603515625
2 211.01156616210938
3 211.03358459472656
4 211.7832794189453
5 213.0809326171875
6 221.77853393554688
7 225.34329223632812
8 226.33560180664062
9 226.33560180664062
10 227.70895385742188
11 228.33238220214844
12 231.86532592773438
13 232.05587768554688
14 233.46548461914062
15 233.5814208984375
16 235.18421936035156
17 236.51319885253906
18 236.62493896484375
19 236.7156219482422
20 236.9642333984375
21 237.3956756591797
22 237.44163513183594
23 237.9737548828125
24 237.98165893554688
25 238.1293487548828
26 238.27044677734375
27 240.74176025390625
28 242.3133087158203
29 242.50814819335938
