0 214.0347900390625
1 219.53414916992188
2 226.2437744140625
3 248.69036865234375
4 249.17947387695312
5 250.98330688476562
6 256.7640686035156
7 258.3927917480469
8 258.861572265625
9 259.4573974609375
10 263.0312805175781
11 264.1167297363281
12 266.743896484375
13 267.3403015136719
14 267.5576477050781
15 269.036376953125
16 269.0504150390625
17 269.9749450683594
18 270.55740008369605
19 270.7140197753906
20 270.725341796875
21 270.9202880859375
22 271.1803894042969
23 271.1803894042969
24 272.8089904785156
25 273.1766357421875
26 273.381591796875
27 274.7372131347656
28 275.0684814453125
29 275.133056640625
