0 239.4803009033203
1 241.14291381835938
2 245.70066833496094
3 246.76681518554688
4 246.9818152319772
5 248.65072631835938
6 249.14366149902344
7 250.359375
8 250.37452697753906
9 250.9773406982422
10 251.03689575195312
11 252.16517639160156
12 252.22036743164062
13 252.5713653564453
14 252.59861755371094
15 252.76181418112705
16 253.38339233398438
17 254.17625427246094
18 254.412109375
19 254.41793823242188
20 255.0742645263672
21 255.0787353515625
22 255.24701613555314
23 256.4844055175781
24 256.6938171386719
25 256.9017333984375
26 257.341064453125
27 257.3613586425781
28 257.57110595703125
29 257.73455810546875
