0 186.68495178222656
1 209.13414001464844
2 223.11105346679688
3 223.28199768066406
4 224.00689697265625
5 227.20069885253906
6 227.72860717773438
7 229.66473388671875
8 232.59649658203125
9 233.38299560546875
10 235.09970092773438
11 235.13279724121094
12 235.40731811523438
13 235.8367919921875
14 235.97348022460938
15 236.3182830810547
16 236.99305725097656
17 238.63992309570312
18 239.9567413330078
19 241.3096923828125
20 241.9095458984375
21 242.70700073242188
22 243.83743286132812
23 244.68984985351562
24 244.88504028320312
25 244.97853088378906
26 245.2083740234375
27 245.2083740234375
28 245.4447479248047
29 246.30921936035156
