0 206.8141326904297
1 213.25238037109375
2 218.58834838867188
3 219.03077697753906
4 220.0028076171875
5 220.94012451171875
6 221.51239013671875
7 223.00848388671875
8 223.9522705078125
9 224.47027587890625
10 224.489013671875
11 225.159912109375
12 225.58572387695312
13 225.79837036132812
14 225.8350830078125
15 225.8871307373047
16 227.89828491210938
17 227.95703125
18 228.1512451171875
19 228.30078125
20 228.93116760253906
21 229.28985595703125
22 229.43035888671875
23 229.61758422851562
24 229.69874572753906
25 229.99856567382812
26 230.85191345214844
27 231.27236938476562
28 231.51588439941406
29 231.93807983398438
