0 207.5149383544922
1 210.58660888671875
2 214.2100067138672
3 215.3292694091797
4 216.00439453125
5 216.583984375
6 217.45460510253906
7 218.22915649414062
8 220.4672393798828
9 220.67254638671875
10 223.89993286132812
11 225.52490234375
12 225.59756469726562
13 225.59756469726562
14 225.7741241455078
15 226.1151123046875
16 226.1865997314453
17 226.46946716308594
18 227.0190887451172
19 227.26089477539062
20 227.54833984375
21 227.68020629882812
22 228.31109619140625
23 229.82386779785156
24 230.9613021794919
25 231.04632568359375
26 231.729248046875
27 231.94589233398438
28 231.97003173828125
29 232.11048889160156
