0 233.17311096191406
1 239.23654174804688
2 248.3530731201172
3 248.8621826171875
4 251.6282958984375
5 251.92327880859375
6 253.36805725097656
7 254.50384521484375
8 255.29702758789062
9 256.40814208984375
10 257.8293762207031
11 257.95496899071765
12 258.1390380859375
13 258.6077575683594
14 260.01690673828125
15 260.5043640136719
16 261.3056335449219
17 261.38482666015625
18 262.04583740234375
19 262.31414794921875
20 262.6430358886719
21 263.1780700683594
22 263.3919677734375
23 264.1242370605469
24 264.17474365234375
25 264.661865234375
26 264.8431091308594
27 265.1490478515625
28 265.70111083984375
29 265.7808837890625
