0 160.21865844726562
1 174.0758056640625
2 187.25665283203125
3 199.92237854003906
4 200.8733673095703
5 235.8723907470703
6 240.7340545654297
7 242.28306579589844
8 242.57736206054688
9 244.77511596679688
10 245.3981475830078
11 245.41531372070312
12 248.42578125
13 249.2333984375
14 249.30795288085938
15 249.98641967773438
16 250.18943786621094
17 250.3341064453125
18 250.35275268554688
19 250.56106567382812
20 250.56809997558594
21 250.75234985351562
22 250.89990234375
23 251.04983520507812
24 251.88204956054688
25 252.24688720703125
26 252.4021759033203
27 252.92776489257812
28 253.47225952148438
29 253.56243896484375
