0 167.0356903076172
1 167.0745391845703
2 174.1434783935547
3 174.32559204101562
4 178.26318359375
5 181.4763641357422
6 182.66915893554688
7 183.2486114501953
8 184.9611053466797
9 186.11099243164062
10 187.64268493652344
11 189.18008422851562
12 189.84722900390625
13 190.7075653076172
14 190.9351348876953
15 193.94781494140625
16 194.831298828125
17 196.28607177734375
18 196.41299438476562
19 198.11460876464844
20 198.9945068359375
21 199.9269561767578
22 200.67396545410156
23 201.24969482421875
24 201.825927734375
25 202.15167236328125
26 203.2960205078125
27 204.34237670898438
28 205.47056579589844
29 205.73167419433594
