0 254.20758056640625
1 255.8192138671875
2 260.1332092285156
3 261.13580322265625
4 263.3534851074219
5 264.8699951171875
6 265.4080810546875
7 267.8460998535156
8 268.20203975015
9 268.4835205078125
10 269.1480712890625
11 269.4378662109375
12 269.9987487792969
13 270.67840576171875
14 271.0176086425781
15 271.02838134765625
16 272.06622314453125
17 272.2489013671875
18 272.4333801269531
19 272.9542236328125
20 274.1523742675781
21 274.33673095703125
22 274.88531494140625
23 275.10211181640625
24 275.61248779296875
25 275.7054443359375
26 276.2051696777344
27 276.5404968261719
28 276.58502197265625
29 277.11376953125
