0 182.80368041992188
1 185.24014282226562
2 191.39627075195312
3 193.6334991455078
4 193.9766387939453
5 194.47352600097656
6 195.22314453125
7 196.74583435058594
8 199.77230834960938
9 202.27574157714844
10 203.9742431640625
11 204.5654296875
12 204.64226618927165
13 205.3427276611328
14 206.2151641845703
15 207.72714233398438
16 208.0742645263672
17 209.27745056152344
18 209.42050170898438
19 209.58404541015625
20 209.86636352539062
21 210.3694610595703
22 210.45733642578125
23 210.61056518554688
24 210.69552612304688
25 210.90870666503906
26 211.0519256591797
27 211.6846466064453
28 212.07794189453125
29 212.81336975097656
