0 175.67617797851562
1 176.4410400390625
2 178.01487731933594
3 178.06207275390625
4 178.49954223632812
5 180.61219787597656
6 180.6992950439453
7 180.8603515625
8 181.21387573133893
9 181.40451049804688
10 181.63784790039062
11 182.13595581054688
12 182.1387939453125
13 182.1397247314453
14 182.30877685546875
15 182.406005859375
16 182.69723510742188
17 182.87371826171875
18 182.99850463867188
19 183.1201934814453
20 183.33865356445312
21 183.6534881591797
22 183.68638610839844
23 183.88021850585938
24 184.0728759765625
25 184.27139282226562
26 184.52584838867188
27 184.52584838867188
28 184.6658935546875
29 185.0275115966797
