0 183.24758911132812
1 187.211669921875
2 200.015869140625
3 205.01806640625
4 208.41159057617188
5 212.075439453125
6 214.72267150878906
7 218.01084899902344
8 218.7103729248047
9 218.8535919189453
10 223.58884668371715
11 223.65750122070312
12 224.83326721191406
13 224.8656768798828
14 225.5999755859375
15 226.01010131835938
16 226.43649291992188
17 226.88400268554688
18 227.31240844726562
19 227.42523193359375
20 227.57640075683594
21 227.71446228027344
22 227.97686767578125
23 228.22625732421875
24 228.3307342529297
25 228.4875946044922
26 228.9225311279297
27 229.12791442871094
28 229.27230834960938
29 229.72222900390625
