0 208.25833129882812
1 208.48263549804688
2 223.65081787109375
3 228.41268920898438
4 233.56387329101562
5 238.26979064941406
6 245.31246948242188
7 246.85501098632812
8 247.3656005859375
9 247.40408325195312
10 247.65518133974916
11 248.36895751953125
12 250.01153564453125
13 250.33963012695312
14 250.55787658691406
15 250.5940399169922
16 250.91517639160156
17 250.94122314453125
18 251.71006774902344
19 251.97244262695312
20 252.4217529296875
21 252.534423828125
22 252.71102905273438
23 252.71263122558594
24 253.15628051757812
25 253.44515991210938
26 253.49656677246094
27 253.7532501220703
28 253.99545288085938
29 254.47698974609375
