0 186.8675537109375
1 187.3475799560547
2 199.73153686523438
3 199.9268798828125
4 205.4532928466797
5 207.13320922851562
6 217.56195068359375
7 217.83128356933594
8 217.8712615966797
9 219.36666870117188
10 219.45481872558594
11 219.57485961914062
12 219.8349609375
13 220.55106481000888
14 220.94497680664062
15 221.82089233398438
16 224.5673828125
17 225.32398986816406
18 225.61297607421875
19 225.6140594482422
20 226.53555297851562
21 226.58688354492188
22 227.2815399169922
23 228.37542724609375
24 228.44349670410156
25 229.55438232421875
26 229.6647186279297
27 229.69898986816406
28 229.8705596923828
29 230.03582763671875
