0 184.01315307617188
1 193.06692504882812
2 197.71409606933594
3 204.5575714111328
4 217.2681884765625
5 218.3320770263672
6 222.28866577148438
7 225.22235107421875
8 228.3397216796875
9 228.5066680908203
10 230.27569580078125
11 231.87232971191406
12 233.27963256835938
13 234.2828826904297
14 235.7605743408203
15 236.597900390625
16 236.9640350341797
17 240.0409393310547
18 240.47207641601562
19 242.4484100341797
20 243.2202606201172
21 245.32989501953125
22 245.6473388671875
23 245.74160766601562
24 246.20947265625
25 246.36538696289062
26 246.61907958984375
27 247.0945281982422
28 247.1344884822348
29 247.86038208007812
