0 175.9472198486328
1 183.22731018066406
2 184.65870666503906
3 188.06275939941406
4 190.21603393554688
5 192.176513671875
6 192.18453979492188
7 192.47630310058594
8 192.82980346679688
9 192.9024658203125
10 193.74652099609375
11 194.76361083984375
12 195.32574462890625
13 196.0437469482422
14 196.1073455810547
15 196.48001098632812
16 196.6361083984375
17 197.0616455078125
18 197.20748901367188
19 197.27001953125
20 197.28269958496094
21 197.4082794189453
22 197.44766235351562
23 198.2683868408203
24 198.5263671875
25 198.7633056640625
26 198.79574584960938
27 199.1416015625
28 200.24844360351562
29 200.26446533203125
