0 211.2675323486328
1 212.9190673828125
2 213.01380920410156
3 215.1895751953125
4 218.432861328125
5 218.62395921410342
6 223.08799743652344
7 224.42484943318692
8 225.30441284179688
9 225.82504272460938
10 226.07058715820312
11 226.6038055419922
12 226.64984130859375
13 226.6837158203125
14 226.7562713623047
15 227.361328125
16 227.93533325195312
17 227.9713897705078
18 228.3806610107422
19 228.4176025390625
20 228.95779418945312
21 229.30906677246094
22 229.4167022705078
23 229.8753662109375
24 230.23838806152344
25 230.366455078125
26 230.39068603515625
27 230.52316284179688
28 230.61746215820312
29 230.65045166015625
