0 185.40774536132812
1 185.99942016601562
2 188.4588623046875
3 189.03347778320312
4 192.12986755371094
5 194.50332641601562
6 198.76571655273438
7 199.25868225097656
8 199.30154418945312
9 200.91278076171875
10 202.2039794921875
11 202.9564666748047
12 204.0511016845703
13 207.14361572265625
14 208.8792724609375
15 210.4588165283203
16 210.81666564941406
17 213.0682373046875
18 213.5563201904297
19 213.75930786132812
20 214.43426513671875
21 215.3321075439453
22 216.46958923339844
23 217.24411010742188
24 217.6636505126953
25 218.65286254882812
26 218.68592834472656
27 220.5113525390625
28 220.66075134277344
29 221.10330200195312
