0 225.36456298828125
1 226.89401245117188
2 230.2007598876953
3 231.99952697753906
4 232.8264923095703
5 232.83673095703125
6 233.61102294921875
7 234.23118591308594
8 234.4175567626953
9 234.69088745117188
10 236.16351318359375
11 238.39373779296875
12 238.50796508789062
13 239.35826110839844
14 241.42556762695312
15 242.07162475585938
16 242.7393798828125
17 243.01043701171875
18 243.1365966796875
19 244.03695678710938
20 244.67086791992188
21 245.5321044921875
22 245.7696533203125
23 246.08596801757812
24 246.38809204101562
25 246.4039306640625
26 246.72036743164062
27 247.46466064453125
28 247.46957397460938
29 247.7621612548828
