0 206.34298706054688
1 206.8387451171875
2 213.7711639404297
3 215.81944274902344
4 217.04324340820312
5 218.6593017578125
6 220.09335327148438
7 220.6941375732422
8 221.3110809326172
9 221.57455444335938
10 221.72219848632812
11 225.0173797607422
12 225.08010864257812
13 225.3785400390625
14 225.79159545898438
15 225.94544982910156
16 229.9814910888672
17 231.168701171875
18 231.18943786621094
19 231.28280639648438
20 231.89204007960166
21 232.28390502929688
22 232.7209930419922
23 236.28228759765625
24 236.37628173828125
25 238.2628936767578
26 238.30642700195312
27 238.56048583984375
28 239.261962890625
29 239.33624267578125
