0 250.2550048828125
1 258.2313537597656
2 260.8995666503906
3 261.12518310546875
4 262.0234375
5 263.1590576171875
6 263.7415466308594
7 263.86956787109375
8 264.9737243652344
9 265.2498779296875
10 265.6114807128906
11 265.9387512207031
12 266.43170166015625
13 266.45758056640625
14 268.35919189453125
15 268.5445251464844
16 268.869384765625
17 269.0839538574219
18 269.1122131347656
19 269.16815185546875
20 269.4495849609375
21 269.5219421386719
22 269.90185546875
23 269.96929931640625
24 270.42919921875
25 271.0179748535156
26 271.2034912109375
27 272.0322570800781
28 272.43157958984375
29 272.5068664550781
