0 207.43096923828125
1 235.35665893554688
2 241.81924438476562
3 247.47279357910156
4 254.33065795898438
5 255.70843505859375
6 260.0377197265625
7 262.4197998046875
8 263.1058044433594
9 265.3070983886719
10 268.14849853515625
11 268.40936279296875
12 269.9403076171875
13 270.3391418457031
14 270.4188232421875
15 270.7341613769531
16 271.15765380859375
17 271.476318359375
18 271.8133544921875
19 272.01177978515625
20 274.072998046875
21 275.23663330078125
22 275.49280889787264
23 276.02984619140625
24 276.796875
25 276.92181396484375
26 277.135009765625
27 277.38238525390625
28 279.8294677734375
29 280.0792236328125
