0 168.17498779296875
1 171.49365234375
2 179.324462890625
3 195.4571075439453
4 202.16151428222656
5 209.12033081054688
6 209.2561798095703
7 209.906982421875
8 214.7139129638672
9 214.9619598388672
10 215.858154296875
11 216.33018493652344
12 216.9842071533203
13 217.20657348632812
14 217.2466583251953
15 217.60641479492188
16 220.47227478027344
17 220.61346435546875
18 221.6141357421875
19 221.89334106445312
20 221.98558044433594
21 222.27581787109375
22 222.31982421875
23 223.12692260742188
24 223.76422119140625
25 224.0126190185547
26 224.22344970703125
27 224.47415161132812
28 224.64105224609375
29 224.9515380859375
