0 171.8805389404297
1 184.35751342773438
2 189.0376739501953
3 190.77227783203125
4 193.0417022705078
5 193.60189819335938
6 195.98150634765625
7 196.0872802734375
8 196.2130584716797
9 196.30184936523438
10 196.64356994628906
11 197.03330993652344
12 197.46115112304688
13 199.1318359375
14 200.45681762695312
15 201.0335235595703
16 202.22268676757812
17 202.24942441172908
18 202.51377868652344
19 202.76368713378906
20 202.88800048828125
21 203.09771728515625
22 203.14132690429688
23 203.33935546875
24 204.2071990966797
25 204.2104949951172
26 205.48556518554688
27 205.7532196044922
28 205.81936645507812
29 206.15478515625
