0 197.95945739746094
1 203.8233184814453
2 204.04397583007812
3 206.16763305664062
4 207.46759033203125
5 208.38551330566406
6 208.50485229492188
7 209.11410522460938
8 209.82081604003906
9 211.64881896972656
10 212.2813720703125
11 212.758056640625
12 214.220458984375
13 214.5140380859375
14 215.02145385742188
15 215.0803680419922
16 215.3337860107422
17 215.53192138671875
18 216.44451904296875
19 216.87689208984375
20 217.4499969482422
21 217.5450439453125
22 217.99639892578125
23 218.8109588623047
24 219.79190063476562
25 221.78878784179688
26 221.8485107421875
27 222.26318359375
28 222.55604553222656
29 222.81448364257812
