0 184.3495635986328
1 189.26332092285156
2 192.60153198242188
3 195.25961303710938
4 197.45701599121094
5 198.15487670898438
6 198.17291259765625
7 198.8746795654297
8 199.32066345214844
9 199.50413513183594
10 199.6703643798828
11 200.05223083496094
12 200.44326782226562
13 201.51393127441406
14 201.54632568359375
15 201.8148651123047
16 202.7110137939453
17 202.8350372314453
18 203.12623596191406
19 203.26792907714844
20 203.83544921875
21 204.1474609375
22 204.71771240234375
23 204.99310302734375
24 205.7705078125
25 205.78463745117188
26 206.16912841796875
27 206.380615234375
28 206.441650390625
29 206.47201538085938
