0 215.4931640625
1 221.67994689941406
2 223.56944274902344
3 223.94985961914062
4 225.15243530273438
5 226.21231079101562
6 226.95437622070312
7 228.7703399658203
8 229.4033660888672
9 229.45535278320312
10 230.4501190185547
11 231.7205352783203
12 232.2462158203125
13 232.36080932617188
14 232.52391052246094
15 233.26425170898438
16 233.33663940429688
17 233.50860595703125
18 233.51593017578125
19 235.51394653320312
20 235.65838623046875
21 235.9550018310547
22 235.95594787597656
23 237.2093505859375
24 237.2853240966797
25 237.92489624023438
26 237.96115112304688
27 238.73297119140625
28 238.86180114746094
29 238.9337615966797
