0 177.84300231933594
1 181.996826171875
2 183.1612548828125
3 190.2323760986328
4 214.1549530029297
5 214.64756774902344
6 215.4457550048828
7 216.79859924316406
8 221.78639221191406
9 222.5323486328125
10 224.77662658691406
11 225.07791137695312
12 225.24188232421875
13 226.8077850341797
14 226.9154052734375
15 227.19273376464844
16 227.74366760253906
17 229.82284545898438
18 230.0382080078125
19 230.20306396484375
20 231.80555725097656
21 232.42742919921875
22 232.5372314453125
23 232.9520263671875
24 233.79513549804688
25 234.05613708496094
26 234.3235321044922
27 234.78207397460938
28 235.4739227294922
29 235.51461791992188
