0 203.94656372070312
1 222.90895080566406
2 223.67691040039062
3 224.56179809570312
4 225.41799926757812
5 228.30313110351562
6 228.63722229003906
7 230.272705078125
8 235.64959716796875
9 235.71731567382812
10 236.03187561035156
11 236.20355224609375
12 236.6857452392578
13 237.69384765625
14 237.713623046875
15 237.81048583984375
16 238.8070526123047
17 239.52334594726562
18 240.25820922851562
19 240.95762634277344
20 241.561767578125
21 241.9322509765625
22 242.01678466796875
23 242.84925842285156
24 243.64401245117188
25 244.29556274414062
26 244.96714782714844
27 244.99581909179688
28 245.1132354736328
29 245.17481994628906
