0 203.1652069091797
1 236.83477783203125
2 237.81944274902344
3 238.4002685546875
4 241.06637573242188
5 243.11618041992188
6 243.7075653076172
7 244.59971618652344
8 244.9297637939453
9 245.22340393066406
10 245.66452026367188
11 245.68044989769606
12 247.1664276123047
13 247.49093627929688
14 248.31561279296875
15 248.4851837158203
16 248.52249145507812
17 248.57125854492188
18 249.22914123535156
19 249.43162536621094
20 249.81103515625
21 250.76234436035156
22 251.30105590820312
23 252.1781005859375
24 253.30902099609375
25 253.32070922851562
26 253.465576171875
27 253.56321716308594
28 254.27978515625
29 254.35186767578125
