0 222.8173065185547
1 233.94046020507812
2 236.08303833007812
3 236.45501708984375
4 237.90977478027344
5 241.37255859375
6 241.52487182617188
7 244.53665161132812
8 245.82241821289062
9 245.86729431152344
10 246.13555908203125
11 246.70530700683594
12 246.74671936035156
13 249.02471923828125
14 250.43240356445312
15 250.53433227539062
16 250.80311584472656
17 251.46694946289062
18 251.63104248046875
19 251.98220825195312
20 252.00067138671875
21 252.05662536621094
22 252.41030883789062
23 252.4573516845703
24 252.65423583984375
25 252.91934204101562
26 253.2111053466797
27 254.25796508789062
28 254.42529296875
29 254.72100830078125
