0 203.23074340820312
1 228.47068786621094
2 233.61265563964844
3 236.0682373046875
4 240.23715209960938
5 243.61630249023438
6 244.01748657226562
7 246.64559936523438
8 247.94778442382812
9 248.09481811523438
10 251.10855102539062
11 252.19985961914062
12 252.86538696289062
13 254.3633575439453
14 255.85169982910156
15 256.1976318359375
16 256.50189208984375
17 256.5172424316406
18 256.77587890625
19 257.2135925292969
20 257.8543701171875
21 258.74578857421875
22 258.78631591796875
23 259.6305847167969
24 259.63519287109375
25 259.6637878417969
26 259.71826171875
27 259.73828125
28 259.7806091308594
29 260.3107604980469
