0 192.11944580078125
1 196.54327392578125
2 208.04403686523438
3 208.09811401367188
4 209.77117919921875
5 209.82757568359375
6 212.80848693847656
7 213.81298828125
8 214.36524963378906
9 216.01524353027344
10 216.98033142089844
11 217.52565002441406
12 219.46250915527344
13 219.50042724609375
14 219.879150390625
15 220.36398315429688
16 220.47303771972656
17 220.74679565429688
18 220.7699737548828
19 221.07005310058594
20 221.3746337890625
21 221.9031982421875
22 222.24850463867188
23 222.66305541992188
24 223.16610717773438
25 223.55064392089844
26 224.21221923828125
27 224.3130655143972
28 224.83912658691406
29 224.8767547607422
