0 223.44528198242188
1 231.37060546875
2 236.18115234375
3 236.29495239257812
4 236.68392944335938
5 237.29202270507812
6 238.30783081054688
7 238.45465087890625
8 240.07513427734375
9 240.6034393310547
10 240.68807983398438
11 242.919677734375
12 242.97897338867188
13 244.1013946533203
14 244.20559692382812
15 244.2783203125
16 244.29458618164062
17 244.6488037109375
18 245.10797119140625
19 245.12832641601562
20 247.20565795898438
21 248.08641052246094
22 248.54177856445312
23 248.65133666992188
24 248.97300720214844
25 249.2430877685547
26 249.3258056640625
27 249.62344360351562
28 250.16473388671875
29 250.2686767578125
