0 211.17526245117188
1 215.45835876464844
2 217.84130859375
3 220.66143798828125
4 220.76889038085938
5 221.13124084472656
6 221.96420288085938
7 222.33837890625
8 222.68748474121094
9 223.607421875
10 224.07489013671875
11 225.1513214111328
12 225.45416259765625
13 225.48994027070648
14 225.8036651611328
15 226.43585205078125
16 226.93609619140625
17 227.8734130859375
18 227.99557495117188
19 228.20184326171875
20 228.3419647216797
21 228.48025512695312
22 228.50717163085938
23 228.8736572265625
24 229.05166625976562
25 229.12844848632812
26 229.64585876464844
27 229.75202848948078
28 230.38259887695312
29 230.41854858398438
