0 202.5166473388672
1 205.96522521972656
2 207.68414306640625
3 215.24252319335938
4 215.5778350830078
5 217.0445556640625
6 219.9476776123047
7 223.35650634765625
8 224.03640747070312
9 224.06549072265625
10 226.9354248046875
11 227.9368438720703
12 229.2096710205078
13 232.06146240234375
14 234.15045166015625
15 234.2972412109375
16 234.33367919921875
17 234.43801879882812
18 235.80320739746094
19 235.85205078125
20 236.51707458496094
21 236.61099243164062
22 236.73764038085938
23 236.78164672851562
24 236.81683349609375
25 237.04837036132812
26 237.89004516601562
27 237.91729736328125
28 238.46945190429688
29 238.54150390625
