0 262.182373046875
1 263.2806091308594
2 265.5367431640625
3 271.5507507324219
4 276.8980712890625
5 277.4477844238281
6 277.77764892578125
7 277.83099365234375
8 278.1554260253906
9 280.2602233886719
10 281.07183837890625
11 282.008544921875
12 282.44232177734375
13 282.96453857421875
14 284.3428039550781
15 286.4709167480469
16 286.7483825683594
17 286.80157470703125
18 287.3444519042969
19 287.3724670410156
20 288.245849609375
21 288.34039306640625
22 288.4530334472656
23 288.8731994628906
24 289.33514404296875
25 289.3773498535156
26 289.9708251953125
27 290.0756530761719
28 290.0889892578125
29 290.2288818359375
