0 178.1095733642578
1 178.70452880859375
2 190.61886596679688
3 193.8189697265625
4 193.96737670898438
5 195.98934936523438
6 196.07398986816406
7 196.93922424316406
8 198.4186248779297
9 198.68389892578125
10 200.4912109375
11 200.9344024658203
12 201.58871459960938
13 201.90121459960938
14 202.54898071289062
15 202.69845581054688
16 203.52218627929688
17 203.75189208984375
18 203.83755493164062
19 203.84629821777344
20 203.96453857421875
21 204.08546447753906
22 204.4381561279297
23 205.39808654785156
24 205.64453125
25 205.65306091308594
26 205.83502197265625
27 206.33609008789062
28 206.4253387451172
29 206.4317626953125
