0 222.86831665039062
1 226.38600158691406
2 236.0560760498047
3 238.85060119628906
4 240.9852752685547
5 241.1015625
6 241.26858520507812
7 241.68447875976562
8 242.3941650390625
9 242.7603759765625
10 243.39561462402344
11 244.96701049804688
12 245.74795532226562
13 246.69972229003906
14 246.71072387695312
15 247.097412109375
16 247.4683837890625
17 248.30914306640625
18 248.44931030273438
19 248.77691650390625
20 249.01370239257812
21 249.1107177734375
22 249.195556640625
23 249.35797119140625
24 249.49880981445312
25 250.68435668945312
26 251.03672790527344
27 251.106201171875
28 251.1407470703125
29 251.50625013409282
