0 228.29998779296875
1 228.5334014892578
2 231.53115844726562
3 232.49642944335938
4 236.27825927734375
5 236.6419219970703
6 238.21466064453125
7 238.77484130859375
8 240.63751220703125
9 241.54397583007812
10 243.725830078125
11 245.38967895507812
12 247.14752197265625
13 248.60736083984375
14 249.26806640625
15 250.09532165527344
16 250.64151000976562
17 251.441162109375
18 252.06195068359375
19 252.070556640625
20 252.10394287109375
21 252.63372802734375
22 253.3070068359375
23 253.47935485839844
24 254.14663696289062
25 254.50440979003906
26 254.84539794921875
27 255.07705688476562
28 255.65481567382812
29 255.68612670898438
