0 205.7211151123047
1 208.036376953125
2 210.57177734375
3 211.19619750976562
4 212.962890625
5 213.57261657714844
6 213.75384521484375
7 214.18861389160156
8 214.20713806152344
9 214.95997619628906
10 215.06533813476562
11 215.56797790527344
12 216.03240966796875
13 216.2423553466797
14 216.45547485351562
15 216.7219696044922
16 216.79946899414062
17 216.80271911621094
18 216.88885498046875
19 217.58468627929688
20 218.66458129882812
21 219.02008056640625
22 219.02340698242188
23 219.48703002929688
24 219.49615478515625
25 219.5925750732422
26 219.82704162597656
27 219.88351440429688
28 220.2145233154297
29 220.25869750976562
