0 186.5816192626953
1 192.1141357421875
2 198.86305236816406
3 200.2998046875
4 200.5784454345703
5 202.92892456054688
6 204.45248413085938
7 205.7213897705078
8 206.3946990966797
9 207.5510711669922
10 207.626220703125
11 208.1209259033203
12 208.98931884765625
13 210.23040771484375
14 211.04989624023438
15 212.86805725097656
16 213.819580078125
17 214.5420379638672
18 214.93138122558594
19 215.0504913330078
20 215.3040771484375
21 215.61911010742188
22 215.85687255859375
23 215.88330078125
24 215.96109008789062
25 216.34042358398438
26 216.4962158203125
27 217.4803973109676
28 217.5992889404297
29 218.76568603515625
