0 204.2679443359375
1 221.7279510498047
2 224.54600524902344
3 226.53268432617188
4 227.34185791015625
5 231.27162170410156
6 232.74990844726562
7 232.8710174560547
8 232.9730224609375
9 236.0009765625
10 237.01356506347656
11 237.93685913085938
12 238.32351684570312
13 239.34317016601562
14 239.4532470703125
15 239.85813903808594
16 239.93209838867188
17 241.42977905273438
18 241.58132934570312
19 241.91326904296875
20 242.57241821289062
21 243.03231811523438
22 243.43919372558594
23 243.78347778320312
24 244.28233337402344
25 244.46414184570312
26 244.88446044921875
27 244.89869689941406
28 245.5394287109375
29 246.21923828125
