0 233.2283935546875
1 239.3449249267578
2 244.71878051757812
3 244.75949096679688
4 247.1603546142578
5 248.39248657226562
6 249.0902862548828
7 249.5816192626953
8 250.01162719726562
9 250.0423126220703
10 252.21527099609375
11 253.03321838378906
12 253.1193389892578
13 253.51075744628906
14 254.07723999023438
15 254.13296508789062
16 254.92613220214844
17 255.11544799804688
18 255.73666381835938
19 256.95281982421875
20 257.22821044921875
21 257.3076171875
22 257.3463134765625
23 257.4327392578125
24 257.8315734863281
25 258.57403564453125
26 258.84808349609375
27 259.22857666015625
28 259.4215087890625
29 259.706298828125
