0 224.46212768554688
1 225.919921875
2 228.3466339111328
3 230.1123046875
4 230.42584228515625
5 233.73876953125
6 236.54556274414062
7 238.6221160888672
8 239.1490478515625
9 240.0137481689453
10 240.5494842529297
11 241.6775665283203
12 242.4426727294922
13 242.50624084472656
14 242.62545776367188
15 242.77865600585938
16 244.77149963378906
17 244.91995239257812
18 245.2404327392578
19 245.3302764892578
20 245.65940856933594
21 246.309326171875
22 246.3753662109375
23 246.63748168945312
24 247.05657958984375
25 248.30467224121094
26 248.4013214111328
27 248.59658813476562
28 249.4254608154297
29 249.63462829589844
