0 215.27073669433594
1 224.54234313964844
2 227.56947326660156
3 232.11465454101562
4 232.33026123046875
5 234.6994171142578
6 235.9807891845703
7 237.25595092773438
8 237.95724487304688
9 238.91864013671875
10 240.9156494140625
11 242.70938110351562
12 242.88124084472656
13 243.99496459960938
14 244.49464416503906
15 246.54078674316406
16 247.57281494140625
17 247.61717224121094
18 248.01785278320312
19 248.4643096923828
20 249.54171752929688
21 249.7224578857422
22 250.0292205810547
23 250.4390106201172
24 250.54876708984375
25 250.8141326904297
26 250.8673553466797
27 251.46705627441406
28 252.7886505126953
29 253.6728973388672
