0 158.07489013671875
1 180.8959197998047
2 181.38861083984375
3 206.42410278320312
4 224.22561645507812
5 224.49093627929688
6 225.03799438476562
7 225.46847534179688
8 227.05067443847656
9 227.58328247070312
10 228.81219658964199
11 228.83689880371094
12 231.44549560546875
13 231.596435546875
14 232.39915466308594
15 232.7683563232422
16 234.27923583984375
17 234.70838928222656
18 234.85398864746094
19 235.24237060546875
20 235.24790954589844
21 235.73031616210938
22 235.81529235839844
23 236.11004638671875
24 237.092041015625
25 237.29977416992188
26 237.68946838378906
27 238.1005401611328
28 238.18907165527344
29 238.53372192382812
