0 253.35162353515625
1 257.7236328125
2 260.2255859375
3 261.5171813964844
4 264.8448486328125
5 265.4686584472656
6 265.5927734375
7 266.3675231933594
8 267.04498291015625
9 267.27813720703125
10 267.6478576660156
11 267.6764221191406
12 268.5388488769531
13 269.11822509765625
14 269.27313232421875
15 271.2969055175781
16 271.373779296875
17 271.7474365234375
18 272.83795166015625
19 273.911865234375
20 274.0159606933594
21 274.4727783203125
22 274.5537414550781
23 274.6189270019531
24 274.7875671386719
25 274.8070983886719
26 274.91778564453125
27 275.0970458984375
28 275.5412902832031
29 275.79058837890625
