0 254.5494384765625
1 263.1030578613281
2 266.2148742675781
3 267.1857086534832
4 268.8174743652344
5 269.60162353515625
6 269.975341796875
7 270.4201354980469
8 272.1947021484375
9 272.97900390625
10 273.7840576171875
11 275.0805969238281
12 275.6834716796875
13 277.08544921875
14 277.942626953125
15 277.9739990234375
16 278.0840148925781
17 278.27777099609375
18 278.7160949707031
19 279.4521789550781
20 279.5692443847656
21 279.89556884765625
22 280.6646728515625
23 282.21270751953125
24 282.4488525390625
25 282.680908203125
26 282.89593505859375
27 282.9393310546875
28 283.41705322265625
29 283.7969970703125
