0 189.44363403320312
1 191.15576171875
2 192.44827270507812
3 192.72288513183594
4 193.54083251953125
5 193.72537231445312
6 193.85043334960938
7 196.1562957763672
8 196.19552612304688
9 197.30967712402344
10 198.01495361328125
11 199.23060607910156
12 200.3959503173828
13 200.48446655273438
14 200.48809814453125
15 200.69921875
16 201.09475708007812
17 202.2298583984375
18 202.35171508789062
19 202.7714385986328
20 202.83470153808594
21 203.32528686523438
22 203.37384033203125
23 203.45025634765625
24 204.00384521484375
25 204.08474731445312
26 204.3978271484375
27 204.50128173828125
28 204.73416137695312
29 204.77163696289062
