0 187.2100067138672
1 207.07266235351562
2 208.19044494628906
3 208.9822540283203
4 216.3722381591797
5 216.7943878173828
6 221.1809539794922
7 221.20753479003906
8 225.2276153564453
9 225.68994140625
10 228.68821716308594
11 228.95703125
12 229.37554931640625
13 229.63299560546875
14 229.923828125
15 231.19537353515625
16 231.53863525390625
17 232.4647216796875
18 232.55223083496094
19 233.01876831054688
20 233.04115295410156
21 233.4888458251953
22 233.9437255859375
23 234.0394287109375
24 235.44528198242188
25 235.72120666503906
26 235.9505615234375
27 236.64804077148438
28 237.95620727539062
29 238.17111206054688
