0 217.66790771484375
1 218.60989379882812
2 218.84835815429688
3 219.49481201171875
4 224.60031127929688
5 226.37887573242188
6 227.10992431640625
7 227.41082763671875
8 227.49185180664062
9 229.54913330078125
10 230.26300048828125
11 230.90765380859375
12 231.34144592285156
13 232.68133544921875
14 234.2377471923828
15 234.46922302246094
16 234.99574279785156
17 235.15573120117188
18 236.6024169921875
19 236.81517028808594
20 237.46612548828125
21 237.52659606933594
22 237.9017333984375
23 238.1830291748047
24 238.20614624023438
25 238.2899169921875
26 238.63795471191406
27 239.17425537109375
28 239.35035705566406
29 239.80128479003906
