0 239.44741821289062
1 244.00059509277344
2 245.51800537109375
3 246.25717163085938
4 249.9047088623047
5 249.96185302734375
6 250.29481506347656
7 251.35488891601562
8 252.0323028564453
9 252.8204803466797
10 253.05322265625
11 254.17544555664062
12 254.196044921875
13 254.55447387695312
14 254.95025634765625
15 256.5439453125
16 256.605712890625
17 256.8150939941406
18 257.2191162109375
19 257.3276062011719
20 257.54150390625
21 257.8457336425781
22 258.0739440917969
23 258.62835693359375
24 258.8944091796875
25 259.3544616699219
26 259.4267272949219
27 260.1213073730469
28 260.9601135253906
29 261.2621765136719
