0 247.60797119140625
1 248.142333984375
2 253.79238891601562
3 263.951416015625
4 266.72161865234375
5 270.4609069824219
6 271.3963623046875
7 272.3579406738281
8 273.33648681640625
9 274.56072998046875
10 275.322509765625
11 275.326416015625
12 276.5173034667969
13 276.92730712890625
14 278.61358642578125
15 279.2700500488281
16 280.3987121582031
17 280.47467041015625
18 281.590576171875
19 281.64874267578125
20 282.08966064453125
21 282.43963623046875
22 282.5275573730469
23 282.7234191894531
24 282.868896484375
25 283.293701171875
26 283.54510498046875
27 283.7258605957031
28 283.7408447265625
29 283.7828369140625
