0 185.0277557373047
1 189.7750244140625
2 192.5953369140625
3 195.02084350585938
4 199.66064453125
5 199.97457885742188
6 200.59861755371094
7 200.7138214111328
8 201.1434783935547
9 201.24456787109375
10 202.8013153076172
11 203.04881286621094
12 203.330322265625
13 203.68565368652344
14 206.17861938476562
15 206.3738555908203
16 206.59939575195312
17 206.8563995361328
18 207.11349487304688
19 207.27020263671875
20 207.3593292236328
21 207.44769287109375
22 207.47186279296875
23 207.72044372558594
24 208.46519470214844
25 208.53611755371094
26 208.61736796845972
27 208.63363647460938
28 208.720458984375
29 208.75234985351562
