0 211.75949096679688
1 222.57440185546875
2 226.5694122314453
3 226.63424682617188
4 228.9672393798828
5 230.17279052734375
6 230.8028564453125
7 230.80606079101562
8 231.04953002929688
9 232.7568817138672
10 233.34947204589844
11 235.31027221679688
12 235.51595793530703
13 235.94447326660156
14 236.0616912841797
15 236.57723999023438
16 237.0327911376953
17 238.0240478515625
18 238.9357452392578
19 238.9739227294922
20 239.579833984375
21 239.66439819335938
22 239.9617156982422
23 241.020751953125
24 241.7470703125
25 242.05795288085938
26 243.44802856445312
27 243.52882385253906
28 243.9635467529297
29 245.01275634765625
