0 211.692626953125
1 244.0238037109375
2 245.1772003173828
3 245.5684814453125
4 247.2659912109375
5 247.95169067382812
6 252.3402099609375
7 252.5985107421875
8 255.2198944091797
9 255.39974975585938
10 256.343994140625
11 257.04083251953125
12 257.113037109375
13 257.43206787109375
14 257.9425964355469
15 258.46636962890625
16 258.8359375
17 258.9527893066406
18 259.9978942871094
19 260.08245849609375
20 261.41033935546875
21 261.8830261230469
22 262.16180419921875
23 262.6319580078125
24 262.899658203125
25 263.37158203125
26 263.9864501953125
27 264.7474670410156
28 265.8703918457031
29 266.0163879394531
