0 241.2884521484375
1 242.16110229492188
2 243.04144287109375
3 247.44869995117188
4 248.19049072265625
5 248.8587646484375
6 249.31173706054688
7 249.59152221679688
8 249.64169311523438
9 252.9932098388672
10 253.42611694335938
11 253.69107055664062
12 254.44952392578125
13 255.700927734375
14 255.85252380371094
15 256.617431640625
16 256.70697021484375
17 256.9876708984375
18 257.3538818359375
19 258.04522705078125
20 258.15106201171875
21 258.4414367675781
22 258.59124755859375
23 258.9853820800781
24 259.2204789860272
25 259.378173828125
26 259.7904052734375
27 260.5732116699219
28 260.61822509765625
29 260.8251647949219
