0 212.79054260253906
1 220.04437255859375
2 222.1443328857422
3 225.51861572265625
4 230.70858764648438
5 234.63796997070312
6 234.77565002441406
7 235.36846923828125
8 235.68325805664062
9 235.76463317871094
10 236.76318359375
11 236.99253845214844
12 237.99012756347656
13 238.0165557861328
14 239.04537963867188
15 239.0874786376953
16 240.65994262695312
17 240.66567993164062
18 241.30897521972656
19 241.5737762451172
20 242.03086853027344
21 242.61300659179688
22 242.83038330078125
23 244.04930114746094
24 244.95010375976562
25 245.29708862304688
26 246.47161865234375
27 246.66912841796875
28 246.8997802734375
29 246.98159790039062
