0 198.45590209960938
1 200.44894409179688
2 208.6741180419922
3 209.32249450683594
4 213.17518615722656
5 214.6295928955078
6 215.6426544189453
7 215.80592346191406
8 217.45205688476562
9 217.46693420410156
10 217.82669067382812
11 218.49085998535156
12 219.2799072265625
13 223.33409118652344
14 223.4251708984375
15 223.4700164794922
16 223.72779846191406
17 224.0013427734375
18 224.02366638183594
19 224.3502197265625
20 224.3689727783203
21 224.7917938232422
22 225.0238494873047
23 225.11703491210938
24 225.17745971679688
25 225.3872528076172
26 225.40850830078125
27 225.5279998779297
28 226.1272735595703
29 226.19207763671875
