0 202.75209045410156
1 206.2530059814453
2 209.28123474121094
3 211.10804748535156
4 212.11297607421875
5 213.32659912109375
6 213.35287475585938
7 217.578125
8 217.81214904785156
9 219.08340454101562
10 220.05284118652344
11 220.9492950439453
12 221.0987000267437
13 222.0958251953125
14 222.7383575439453
15 223.7089385986328
16 224.5999755859375
17 224.9947967529297
18 226.2483367919922
19 226.49960327148438
20 227.16567993164062
21 228.62640380859375
22 229.81227111816406
23 230.2731475830078
24 230.41961669921875
25 230.6127471923828
26 230.73046875
27 230.86038208007812
28 231.4029541015625
29 232.33746337890625
