0 199.5118408203125
1 205.4446563720703
2 215.307861328125
3 233.47146606445312
4 234.07330322265625
5 237.4191436767578
6 238.92881774902344
7 239.80416870117188
8 245.32098388671875
9 246.96115112304688
10 247.96621704101562
11 249.88247680664062
12 250.8292694091797
13 251.89491271972656
14 251.93795776367188
15 252.2496337890625
16 253.11624145507812
17 254.1449432373047
18 254.8048095703125
19 256.83111572265625
20 257.1653747558594
21 257.1662292480469
22 257.4974060058594
23 258.263427734375
24 258.6203918457031
25 258.6550598144531
26 259.19219970703125
27 259.3349304199219
28 259.39300537109375
29 259.4087829589844
