0 193.2779541015625
1 207.43276977539062
2 208.44454956054688
3 208.81918334960938
4 210.78289794921875
5 211.82427978515625
6 213.2867431640625
7 214.51121520996094
8 215.4853973388672
9 217.51519775390625
10 218.5828857421875
11 219.5591583251953
12 219.687744140625
13 221.2981414794922
14 221.70721435546875
15 222.70855712890625
16 222.8869171142578
17 223.05538940429688
18 223.51754760742188
19 223.65731811523438
20 223.68682861328125
21 224.3034210205078
22 224.5906524658203
23 225.28317260742188
24 225.4033966064453
25 225.54180908203125
26 226.06475830078125
27 226.11070251464844
28 226.43797302246094
29 226.45785522460938
