0 184.84890747070312
1 198.73898315429688
2 199.70068359375
3 199.90390014648438
4 201.7365264892578
5 202.07669067382812
6 209.33123779296875
7 209.67762756347656
8 215.3963623046875
9 215.61474609375
10 215.97396850585938
11 216.41775512695312
12 216.95599365234375
13 217.64572143554688
14 217.85690307617188
15 218.83078002929688
16 218.98675537109375
17 221.03562927246094
18 221.76876831054688
19 222.45162963867188
20 222.45748901367188
21 222.78521728515625
22 223.7413330078125
23 223.90960693359375
24 224.12265014648438
25 224.27215576171875
26 226.32376098632812
27 227.29257202148438
28 227.9261474609375
29 228.14820861816406
