0 244.9298095703125
1 245.5574493408203
2 248.76449584960938
3 256.84735107421875
4 257.4861145019531
5 258.7381591796875
6 259.52886962890625
7 261.09783935546875
8 261.4819030761719
9 262.74371337890625
10 262.98870849609375
11 266.31085205078125
12 266.4091491699219
13 266.9687805175781
14 268.1916198730469
15 268.50469970703125
16 268.8688049316406
17 269.2542419433594
18 270.16302490234375
19 270.3746337890625
20 271.54315185546875
21 271.7343444824219
22 272.6776428222656
23 272.81964111328125
24 274.1134033203125
25 275.4345397949219
26 275.47869873046875
27 275.5313720703125
28 275.7162780761719
29 275.9243469238281
