0 200.169677734375
1 206.2769012451172
2 207.94003295898438
3 208.01882934570312
4 208.70875549316406
5 212.40338134765625
6 212.66668701171875
7 212.82362365722656
8 212.8980255126953
9 213.0668487548828
10 213.14352416992188
11 213.21420288085938
12 214.13790893554688
13 214.48463439941406
14 215.2941436767578
15 215.70455932617188
16 216.71072387695312
17 216.71084594726562
18 218.3547821044922
19 218.59649658203125
20 218.66212463378906
21 218.67929077148438
22 219.01316833496094
23 219.33482360839844
24 219.45436044606652
25 219.6011962890625
26 219.6705780029297
27 219.79214477539062
28 220.00735473632812
29 220.18235778808594
