0 202.7021484375
1 207.81528193639429
2 210.29527282714844
3 211.72320556640625
4 212.10012817382812
5 212.5926513671875
6 213.3257598876953
7 214.3300018310547
8 214.4254150390625
9 215.949462890625
10 219.5762176513672
11 219.78883361816406
12 220.76815795898438
13 222.39254760742188
14 222.5816650390625
15 222.66156005859375
16 223.844970703125
17 223.95884704589844
18 224.6778106689453
19 224.75653076171875
20 225.4159393310547
21 225.4206085205078
22 226.53253173828125
23 226.85009765625
24 227.49598693847656
25 227.5735321044922
26 229.47557067871094
27 229.7546844482422
28 230.1077880859375
29 230.20846557617188
