0 173.32974243164062
1 176.47988891601562
2 179.64048767089844
3 181.05113220214844
4 181.73052978515625
5 182.16314697265625
6 184.2808837890625
7 184.93960571289062
8 185.0682373046875
9 185.78363037109375
10 186.73501586914062
11 187.08450317382812
12 187.69842529296875
13 187.719482421875
14 188.4794921875
15 188.74285888671875
16 189.92108154296875
17 190.33987426757812
18 190.71694946289062
19 190.82131958007812
20 190.8243865966797
21 191.40492248535156
22 191.59518432617188
23 191.70166015625
24 191.87376403808594
25 192.40821838378906
26 192.69390869140625
27 192.7655487060547
28 192.8900146484375
29 194.08624267578125
