0 224.0413818359375
1 228.7274627685547
2 230.07598876953125
3 231.65103149414062
4 232.70211791992188
5 233.3918914794922
6 234.34617614746094
7 235.0673828125
8 235.3435821533203
9 236.228515625
10 236.39173889160156
11 237.85464477539062
12 238.64093017578125
13 239.11984252929688
14 239.76718139648438
15 240.92477416992188
16 241.0276641845703
17 241.81178283691406
18 243.07241821289062
19 243.24798583984375
20 243.28501892089844
21 244.38870239257812
22 245.03648376464844
23 245.30560302734375
24 245.34744262695312
25 245.42501831054688
26 247.1605224609375
27 247.82794189453125
28 248.02713012695312
29 248.14930725097656
