0 198.92459106445312
1 200.92431640625
2 203.26266479492188
3 203.45616149902344
4 203.8408660888672
5 205.7164764404297
6 207.05502319335938
7 207.37442016601562
8 210.41452026367188
9 213.0812530517578
10 213.739501953125
11 214.29820251464844
12 214.6720733642578
13 215.44781494140625
14 215.62863159179688
15 215.65505981445312
16 215.84530639648438
17 216.03285217285156
18 216.2524871826172
19 217.27552795410156
20 218.4298553466797
21 220.38232421875
22 220.6923828125
23 221.46311950683594
24 222.36045837402344
25 223.71449279785156
26 223.73565673828125
27 223.7659149169922
28 225.06527709960938
29 225.29180908203125
