0 195.7885284423828
1 196.96348571777344
2 202.540283203125
3 202.74856567382812
4 204.19813537597656
5 210.63674926757812
6 212.8493194580078
7 214.717041015625
8 216.9095001220703
9 217.8751220703125
10 218.76715087890625
11 219.31341552734375
12 220.86557006835938
13 221.90264892578125
14 222.27386474609375
15 223.29490661621094
16 224.00262451171875
17 224.9271240234375
18 225.0
19 225.5677032470703
20 225.96205139160156
21 226.88169860839844
22 226.94677734375
23 228.23353576660156
24 228.23483276367188
25 228.35293579101562
26 228.56849670410156
27 229.35797119140625
28 229.5838165283203
29 229.97915649414062
