0 213.01841735839844
1 226.57496643066406
2 227.58544921875
3 233.4541778564453
4 235.52857971191406
5 238.3751220703125
6 242.38473510742188
7 244.49676513671875
8 244.6178436279297
9 247.06185913085938
10 248.98953247070312
11 249.92478942871094
12 250.14283752441406
13 250.36915588378906
14 251.24240112304688
15 251.77597045898438
16 252.8675537109375
17 253.8333282470703
18 255.70738220214844
19 256.51959228515625
20 257.2994384765625
21 258.0146484375
22 258.11163330078125
23 258.1549072265625
24 258.4570007324219
25 258.8790283203125
26 259.7781982421875
27 259.8055725097656
28 261.79302978515625
29 262.1651611328125
