0 167.49710083007812
1 185.47683715820312
2 186.95455932617188
3 188.69647216796875
4 188.76438903808594
5 189.82705688476562
6 191.6073455810547
7 192.21621704101562
8 193.4049835205078
9 193.6943359375
10 193.90411376953125
11 193.9245147705078
12 194.00997924804688
13 194.36070251464844
14 194.75221252441406
15 195.16001892089844
16 195.273681640625
17 195.71026611328125
18 196.06906127929688
19 196.14344787597656
20 196.59603881835938
21 197.36563110351562
22 197.45594787597656
23 197.9330291748047
24 198.44512939453125
25 198.52346801757812
26 199.02767944335938
27 199.54637145996094
28 200.3824462890625
29 200.39456176757812
