0 180.02206420898438
1 183.17843627929688
2 184.1986541748047
3 189.00558471679688
4 190.00120544433594
5 192.49549865722656
6 193.2174072265625
7 196.37762451171875
8 196.6895751953125
9 197.19430541992188
10 197.98480224609375
11 198.10769653320312
12 200.8014373779297
13 200.84658813476562
14 201.26019287109375
15 202.29115295410156
16 203.08604431152344
17 203.30462646484375
18 204.3426513671875
19 204.53033447265625
20 205.72491455078125
21 206.01275634765625
22 206.42095947265625
23 206.5386199951172
24 206.80868530273438
25 207.78738403320312
26 208.27593994140625
27 208.57611083984375
28 209.382568359375
29 209.41024780273438
