0 169.3160858154297
1 171.9903106689453
2 179.214111328125
3 182.14088439941406
4 182.306884765625
5 183.28651428222656
6 185.92471313476562
7 187.43145751953125
8 191.8560333251953
9 192.1163330078125
10 193.13287353515625
11 194.14334106445312
12 197.29171752929688
13 197.55320739746094
14 197.89642333984375
15 197.91001892089844
16 198.78012084960938
17 199.3727569580078
18 200.40733337402344
19 200.73313903808594
20 200.8737030029297
21 201.134521484375
22 201.29566955566406
23 202.58811950683594
24 203.7606201171875
25 203.93832397460938
26 205.05841064453125
27 205.6748504638672
28 205.71624755859375
29 205.8926544189453
