0 222.71432495117188
1 228.7908935546875
2 239.35189819335938
3 239.3583221435547
4 241.59706115722656
5 242.96356201171875
6 244.34239196777344
7 249.85382080078125
8 250.544921875
9 252.0256805419922
10 252.44583129882812
11 252.75405883789062
12 253.2390594482422
13 253.2750433557277
14 253.37271118164062
15 253.8590545654297
16 254.44143676757812
17 255.99163818359375
18 255.998291015625
19 256.1108093261719
20 256.16632080078125
21 256.60321044921875
22 256.6874694824219
23 256.8881530761719
24 257.0697326660156
25 257.1020202636719
26 257.1219787597656
27 258.2842102050781
28 258.3182678222656
29 258.52386474609375
