0 218.16793823242188
1 219.98373413085938
2 221.41427612304688
3 221.7302703857422
4 225.72232055664062
5 225.8285369873047
6 225.84715270996094
7 226.60794067382812
8 226.7622528076172
9 226.78546142578125
10 227.013427734375
11 227.1199951171875
12 227.63327026367188
13 227.85693359375
14 228.25071716308594
15 228.6685333251953
16 229.0207977294922
17 229.22512817382812
18 229.4425811767578
19 230.14866638183594
20 230.24481201171875
21 230.89065551757812
22 232.02200317382812
23 232.0525665283203
24 232.13885498046875
25 232.16860961914062
26 232.37110900878906
27 232.54727172851562
28 232.5660400390625
29 232.68447875976562
