0 230.20237731933594
1 238.08131408691406
2 239.95848083496094
3 243.0572509765625
4 244.36671447753906
5 247.12619018554688
6 247.8417510986328
7 247.9680633544922
8 249.07037353515625
9 251.7965087890625
10 252.9932403564453
11 254.24668884277344
12 255.37477111816406
13 256.2964172363281
14 256.3257751464844
15 256.9714660644531
16 257.0978698730469
17 257.2853698730469
18 257.3194885253906
19 257.971923828125
20 258.21435546875
21 258.612060546875
22 259.5046691894531
23 259.7392642422746
24 259.8557434082031
25 259.99114990234375
26 260.56207275390625
27 260.91046142578125
28 261.31463623046875
29 261.8050842285156
