0 222.7535400390625
1 227.97268676757812
2 228.734375
3 228.78900146484375
4 230.25070190429688
5 230.77088928222656
6 231.7616424560547
7 233.0217742919922
8 233.1448974609375
9 233.34828186035156
10 233.892333984375
11 234.31187438964844
12 234.42897033691406
13 234.6957550048828
14 234.81602478027344
15 234.97665405273438
16 235.49656677246094
17 235.67042541503906
18 235.8237762451172
19 236.323974609375
20 236.35733032226562
21 236.3692626953125
22 236.76458740234375
23 237.14181518554688
24 237.46839904785156
25 237.88967895507812
26 238.51133728027344
27 239.33953857421875
28 239.4853515625
29 239.5735321044922
