0 199.539794921875
1 204.02993774414062
2 205.7778778076172
3 206.27011108398438
4 206.72479248046875
5 209.1788330078125
6 209.33934020996094
7 209.4862060546875
8 211.40367126464844
9 211.56532287597656
10 211.85179138183594
11 212.24949645996094
12 212.37020874023438
13 212.61138916015625
14 212.62969970703125
15 213.05938720703125
16 213.3629150390625
17 213.90646362304688
18 214.10586547851562
19 214.28372192382812
20 214.85186767578125
21 216.28424072265625
22 216.47433471679688
23 216.5777130126953
24 216.9117674274623
25 217.25025939941406
26 217.50730895996094
27 217.52859497070312
28 217.56033325195312
29 217.6246795654297
