0 188.77162170410156
1 190.48658752441406
2 190.7324676513672
3 193.60658264160156
4 194.21826171875
5 194.6835174560547
6 196.8838653564453
7 197.09408569335938
8 197.45700073242188
9 198.35226440429688
10 199.23025512695312
11 199.4543914794922
12 200.1730499267578
13 200.57061767578125
14 200.956787109375
15 201.49244689941406
16 201.78762817382812
17 202.02655029296875
18 202.152099609375
19 202.2074737548828
20 202.9600372314453
21 203.19338989257812
22 203.3184814453125
23 205.39772033691406
24 205.62191772460938
25 205.6829833984375
26 207.85020446777344
27 208.54666137695312
28 208.64443969726562
29 208.6521453857422
