0 178.9359130859375
1 179.7068328857422
2 180.1537322998047
3 183.74200439453125
4 184.1094207763672
5 185.38217163085938
6 186.60166931152344
7 187.7864532470703
8 188.05210876464844
9 188.374755859375
10 188.52560424804688
11 188.53379821777344
12 188.61814880371094
13 189.12274169921875
14 189.59490966796875
15 190.66079711914062
16 190.82247924804688
17 190.83816528320312
18 191.54547119140625
19 191.66639709472656
20 191.75381469726562
21 192.54205322265625
22 192.56529235839844
23 192.66766357421875
24 193.2430419921875
25 193.5897216796875
26 193.66262817382812
27 193.70639038085938
28 194.1498565673828
29 194.68460083007812
