0 194.67205810546875
1 195.4120330810547
2 197.12338256835938
3 199.93844604492188
4 200.89085388183594
5 201.17739868164062
6 201.9286346435547
7 202.20689392089844
8 203.0583953857422
9 204.0538330078125
10 204.63348388671875
11 204.98944091796875
12 205.2264862060547
13 205.3223419189453
14 205.43736267089844
15 205.50717163085938
16 205.6284942626953
17 205.83485412597656
18 206.14645385742188
19 206.38519287109375
20 207.3026123046875
21 207.47894287109375
22 207.52647399902344
23 208.80471801757812
24 209.02752685546875
25 209.14454650878906
26 209.1576690673828
27 209.32806396484375
28 209.43057250976562
29 209.5704345703125
