0 216.02883911132812
1 219.94602966308594
2 222.9275360107422
3 224.74423217773438
4 225.64727783203125
5 228.6720733642578
6 228.82571411132812
7 228.90472412109375
8 229.1461181640625
9 229.3282470703125
10 231.0763702392578
11 233.88925170898438
12 233.99281311035156
13 234.21658325195312
14 234.9092254638672
15 235.50828552246094
16 236.11329650878906
17 236.45944213867188
18 237.05584716796875
19 237.05584716796875
20 237.86346435546875
21 238.05062866210938
22 239.3317108154297
23 239.37669372558594
24 239.55743408203125
25 240.1553497314453
26 240.3818817138672
27 240.7313690185547
28 241.0713653564453
29 241.24705505371094
