0 217.3853759765625
1 219.0398712158203
2 231.04757690429688
3 231.61801147460938
4 232.854736328125
5 234.52569580078125
6 235.48138427734375
7 236.4442138671875
8 237.74996948242188
9 237.93112182617188
10 238.65643310546875
11 239.1905975341797
12 239.27674865722656
13 240.69345092773438
14 241.1029510498047
15 241.69293212890625
16 242.0711669921875
17 242.2381591796875
18 242.58322143554688
19 243.73458862304688
20 243.757080078125
21 245.30616760253906
22 245.67059326171875
23 245.73121643066406
24 246.2013702392578
25 247.13507080078125
26 247.18028259277344
27 247.51690673828125
28 247.7789306640625
29 247.80679321289062
