0 208.89300537109375
1 210.0013885498047
2 215.06814575195312
3 220.31053161621094
4 221.2032470703125
5 224.73818969726562
6 224.85308837890625
7 224.9987335205078
8 225.6044921875
9 227.3782958984375
10 229.0189971923828
11 232.89840698242188
12 234.11715698242188
13 234.65464782714844
14 235.36297607421875
15 238.48553466796875
16 238.89329528808594
17 238.9190673828125
18 239.5047149658203
19 239.75732421875
20 240.38539776766385
21 240.77244567871094
22 242.0543975830078
23 242.23995971679688
24 242.2945098876953
25 242.65927124023438
26 242.77572631835938
27 243.0941619873047
28 243.96044921875
29 244.10946655273438
