0 231.5316619873047
1 234.49209594726562
2 236.8192901611328
3 243.70677185058594
4 244.40553283691406
5 245.80902099609375
6 248.90232849121094
7 249.49327087402344
8 249.70962524414062
9 249.89210510253906
10 249.92510986328125
11 252.8796844482422
12 253.29562377929688
13 253.62112426757812
14 253.67929077148438
15 253.9468231201172
16 254.24795532226562
17 254.2962188720703
18 254.48727416992188
19 254.6842041015625
20 255.35556030273438
21 255.4185333251953
22 256.1591491699219
23 257.0649719238281
24 257.87908935546875
25 258.02960205078125
26 258.2344970703125
27 258.7438659667969
28 260.6914978027344
29 260.7826843261719
