0 226.41127014160156
1 233.47970581054688
2 235.52923583984375
3 235.85836791992188
4 242.62274169921875
5 243.1580352783203
6 243.87481689453125
7 243.8833465576172
8 244.09747314453125
9 244.1656036376953
10 244.55484008789062
11 244.65838623046875
12 245.26128375891702
13 247.73171997070312
14 248.72215270996094
15 249.05093383789062
16 249.4986572265625
17 249.63961791992188
18 250.70428466796875
19 251.06370544433594
20 251.39332580566406
21 251.83477783203125
22 253.65167236328125
23 254.67242431640625
24 255.75364685058594
25 256.13037109375
26 257.5960693359375
27 257.9632263183594
28 258.0732421875
29 258.3875732421875
