0 168.0508270263672
1 186.40306091308594
2 196.37747192382812
3 196.86843872070312
4 198.98907470703125
5 202.0334930419922
6 206.46864318847656
7 206.584716796875
8 206.8603515625
9 207.14373779296875
10 208.74935913085938
11 208.98179626464844
12 209.01419067382812
13 209.9304962158203
14 210.3822021484375
15 210.76788330078125
16 211.1258544921875
17 211.85107421875
18 211.91978454589844
19 213.77157592773438
20 213.98037719726562
21 214.63336181640625
22 215.03802490234375
23 215.86962890625
24 216.3727264404297
25 217.40701293945312
26 217.55331420898438
27 219.09722900390625
28 219.31932067871094
29 220.51312255859375
