0 203.7455596923828
1 206.24497985839844
2 207.78741455078125
3 208.9627227783203
4 209.14886474609375
5 212.9084014892578
6 213.36471557617188
7 213.6060791015625
8 214.28671264648438
9 214.3706512451172
10 215.94707501074237
11 216.31414794921875
12 217.3814239501953
13 218.0397491455078
14 218.11183166503906
15 218.5315399169922
16 219.8289794921875
17 220.16294860839844
18 221.45135498046875
19 222.0975799560547
20 222.40560913085938
21 222.66458129882812
22 223.1036834716797
23 223.29302978515625
24 224.81141662597656
25 225.83782958984375
26 225.86575317382812
27 226.01934814453125
28 226.26882934570312
29 226.61451721191406
