0 181.50782775878906
1 186.22845458984375
2 188.37094116210938
3 189.85493314085613
4 191.2390899658203
5 191.8196258544922
6 192.458740234375
7 193.36875915527344
8 196.60821533203125
9 198.03627014160156
10 198.4724884033203
11 199.57957458496094
12 200.72171020507812
13 201.67645263671875
14 202.45233154296875
15 203.588623046875
16 203.76412963867188
17 204.06607055664062
18 204.1479949951172
19 204.21505737304688
20 204.3661346435547
21 205.4920654296875
22 206.35362243652344
23 206.36949157714844
24 206.5536346435547
25 206.65017700195312
26 206.7529296875
27 206.96337890625
28 207.2030487060547
29 207.6608123779297
