0 197.54263305664062
1 201.93826293945312
2 202.7137451171875
3 204.50070190429688
4 206.34942626953125
5 206.5531768798828
6 208.70364379882812
7 209.13717651367188
8 209.38497924804688
9 211.0699462890625
10 213.5531768798828
11 216.3033905029297
12 216.59190368652344
13 216.7588653564453
14 217.80140686035156
15 218.2350616455078
16 218.48524475097656
17 219.21249389648438
18 219.2493133544922
19 219.43353271484375
20 219.94827270507812
21 220.4722137451172
22 221.46701049804688
23 222.7836151123047
24 222.94996643066406
25 223.3211212158203
26 223.99441528320312
27 224.11343383789062
28 224.54444885253906
29 225.17494201660156
