0 187.42637634277344
1 191.5476531982422
2 191.73135375976562
3 191.9167022705078
4 192.82171630859375
5 193.7616424560547
6 196.4668426513672
7 197.29989624023438
8 198.03138732910156
9 198.71946716308594
10 199.18629455566406
11 200.11557006835938
12 200.22039794921875
13 200.354248046875
14 200.45001220703125
15 200.490234375
16 200.56825256347656
17 201.07858276367188
18 201.33114417182097
19 201.56814575195312
20 201.68130493164062
21 201.81980895996094
22 202.7035675048828
23 202.8022003173828
24 203.07003784179688
25 203.52236938476562
26 203.74264526367188
27 203.75128173828125
28 203.8243408203125
29 204.3262481689453
