0 209.0692901611328
1 209.30426025390625
2 213.60235595703125
3 219.23306274414062
4 219.4320068359375
5 220.76388549804688
6 222.0955810546875
7 223.28273010253906
8 223.48382568359375
9 223.6146697998047
10 224.19119262695312
11 224.40126037597656
12 224.53123474121094
13 224.58792114257812
14 225.16339111328125
15 225.5551300048828
16 225.81362915039062
17 228.51402282714844
18 229.5809326171875
19 229.7702178955078
20 230.5784912109375
21 231.92584228515625
22 231.9376678466797
23 232.01966857910156
24 233.08795033090985
25 233.37559509277344
26 234.08119201660156
27 234.08676147460938
28 234.46743774414062
29 235.10646057128906
