0 249.37316493199125
1 250.12994384765625
2 250.469482421875
3 251.71990966796875
4 252.46160888671875
5 254.3270263671875
6 254.8340301513672
7 255.0670166015625
8 255.31222534179688
9 255.6458740234375
10 256.0688781738281
11 256.4826354980469
12 256.7822570800781
13 257.04547119140625
14 257.539306640625
15 258.30523681640625
16 258.4623718261719
17 259.16925048828125
18 259.2983093261719
19 259.6616516113281
20 259.73699951171875
21 259.7419128417969
22 260.8973388671875
23 261.149169921875
24 261.98370361328125
25 262.17510986328125
26 262.5769958496094
27 263.052734375
28 263.33087158203125
29 263.6906433105469
