0 237.25559997558594
1 242.12948608398438
2 243.46450805664062
3 243.73104858398438
4 244.90721130371094
5 245.43142700195312
6 245.6468048095703
7 249.56439208984375
8 249.634033203125
9 250.15670776367188
10 252.2231903076172
11 252.48013305664062
12 252.66961669921875
13 252.74932861328125
14 253.6527099609375
15 253.70872497558594
16 253.85317993164062
17 254.09515380859375
18 254.83990478515625
19 256.78155517578125
20 256.7926940917969
21 257.44219970703125
22 258.3240966796875
23 259.6865234375
24 260.09466552734375
25 260.45501708984375
26 260.658447265625
27 260.70538330078125
28 261.3350524902344
29 261.9295349121094
