0 251.58627319335938
1 255.43258666992188
2 257.2891845703125
3 260.7772216796875
4 261.2647399902344
5 261.2874450683594
6 261.6952357303203
7 262.714111328125
8 263.41851806640625
9 263.6947937011719
10 264.0493469238281
11 264.43212890625
12 264.5649719238281
13 265.14813232421875
14 265.87152099609375
15 266.2685241699219
16 266.72344970703125
17 267.76739501953125
18 268.70263671875
19 268.8917236328125
20 268.96746826171875
21 269.28192138671875
22 269.3368835449219
23 269.4826354980469
24 269.70379638671875
25 269.86627197265625
26 270.1675109863281
27 270.1888122558594
28 270.259521484375
29 270.42022705078125
