0 186.98114013671875
1 196.15151977539062
2 203.38546752929688
3 211.04104614257812
4 219.5346221923828
5 220.36004638671875
6 222.27650451660156
7 223.28768920898438
8 226.0390625
9 229.60494995117188
10 230.53018188476562
11 230.68638610839844
12 231.79104614257812
13 233.68304443359375
14 234.29324340820312
15 234.3118896484375
16 234.3340606689453
17 234.36199951171875
18 234.39556884765625
19 235.15428161621094
20 236.44259643554688
21 237.0376434326172
22 237.34217834472656
23 237.71890258789062
24 237.977783203125
25 238.19500732421875
26 238.32742309570312
27 239.08811950683594
28 239.55386352539062
29 239.58547973632812
