0 236.28628540039062
1 243.57200622558594
2 243.57403564453125
3 246.0384521484375
4 248.39193725585938
5 250.3520965576172
6 250.6349334716797
7 251.2796630859375
8 251.5272216796875
9 251.53628540039062
10 251.87063598632812
11 252.36044311523438
12 252.56381225585938
13 252.5738525390625
14 253.2918243408203
15 253.653564453125
16 254.3870849609375
17 255.79598999023438
18 256.830810546875
19 257.48046875
20 257.91107177734375
21 258.23345947265625
22 258.2809143066406
23 258.865966796875
24 259.01422119140625
25 259.1278381347656
26 260.2752990722656
27 260.43109130859375
28 260.9168701171875
29 261.3986511230469
