0 188.92738342285156
1 202.95339965820312
2 202.97377014160156
3 203.49392700195312
4 203.73757934570312
5 204.8059844970703
6 205.58343505859375
7 206.34445190429688
8 207.1826934814453
9 207.56996154785156
10 207.8294677734375
11 208.17384338378906
12 208.681396484375
13 208.74583435058594
14 208.95179748535156
15 208.98646545410156
16 209.1413116455078
17 209.70260620117188
18 209.90078735351562
19 211.4455108642578
20 211.62388610839844
21 211.769287109375
22 211.81361389160156
23 212.85621643066406
24 213.81787109375
25 213.87319946289062
26 214.0113067626953
27 214.2118377685547
28 214.34170532226562
29 214.35897827148438
