0 165.97869873046875
1 168.3597412109375
2 169.26332092285156
3 169.73883056640625
4 170.21189880371094
5 170.90194702148438
6 171.57528686523438
7 172.53602600097656
8 173.01663208007812
9 173.9399871826172
10 174.54075622558594
11 174.73446655273438
12 175.16253662109375
13 175.2472686767578
14 175.9636688232422
15 176.28179931640625
16 177.1058807373047
17 177.8692626953125
18 177.99586486816406
19 178.1061248779297
20 178.45645141601562
21 178.776123046875
22 178.78164672851562
23 179.18429565429688
24 179.19683837890625
25 179.40435791015625
26 179.48989795752007
27 179.5274658203125
28 180.1787109375
29 180.34420776367188
