0 206.54568481445312
1 223.90512084960938
2 226.23739624023438
3 226.6504669189453
4 228.35244750976562
5 230.7548370361328
6 231.44076538085938
7 233.81680297851562
8 235.13739013671875
9 236.7042694091797
10 236.997314453125
11 236.99879455566406
12 238.55218505859375
13 239.56411743164062
14 239.69813537597656
15 240.28890991210938
16 241.07681274414062
17 241.43768310546875
18 241.88421630859375
19 241.90261840820312
20 242.0774688720703
21 242.55978393554688
22 243.3629150390625
23 243.65777587890625
24 243.80364990234375
25 244.18153381347656
26 244.1820068359375
27 244.4086456298828
28 244.42820739746094
29 244.62841796875
