0 220.64578247070312
1 221.7560272216797
2 222.96144104003906
3 224.5820770263672
4 226.07908630371094
5 226.7020263671875
6 227.5103759765625
7 228.18270874023438
8 228.23988342285156
9 228.2872314453125
10 228.35873413085938
11 228.57595825195312
12 228.87237548828125
13 229.08932495117188
14 229.95425415039062
15 230.01239013671875
16 230.58578491210938
17 230.6538543701172
18 230.96395874023438
19 231.22738647460938
20 231.74740600585938
21 232.22897338867188
22 232.3085479736328
23 232.70066833496094
24 233.2371368408203
25 233.56707763671875
26 233.59954833984375
27 233.60211181640625
28 234.03192138671875
29 234.12892150878906
