0 197.14102172851562
1 201.43739318847656
2 203.21035766601562
3 204.59483337402344
4 205.5008544921875
5 205.6142578125
6 205.7589111328125
7 205.96914672851562
8 206.66107177734375
9 207.07310485839844
10 207.48423767089844
11 208.1656951904297
12 208.9319610595703
13 210.1165771484375
14 210.4501953125
15 210.7332763671875
16 211.54820251464844
17 211.86135864257812
18 212.80557250976562
19 212.89920043945312
20 212.93959045410156
21 213.072998046875
22 213.56451416015625
23 214.1247100830078
24 214.27171325683594
25 214.32876586914062
26 214.43905639648438
27 214.55857849121094
28 214.6421661376953
29 214.7322998046875
