0 196.2203369140625
1 201.11868286132812
2 203.15003967285156
3 205.49288940429688
4 205.69395446777344
5 206.15773010253906
6 206.43341064453125
7 208.1644744873047
8 210.53733825683594
9 211.43362426757812
10 211.55029296875
11 212.2366485595703
12 214.97828674316406
13 215.1356201171875
14 215.79852294921875
15 216.59844970703125
16 216.81878662109375
17 217.4884490966797
18 217.6041259765625
19 218.14202880859375
20 218.72201538085938
21 219.2723846435547
22 219.28060913085938
23 219.95989990234375
24 220.16580200195312
25 220.3430633544922
26 220.5247802734375
27 220.75054931640625
28 221.3873748779297
29 221.3946533203125
