0 181.5254669189453
1 198.49725341796875
2 199.37542724609375
3 200.66519165039062
4 205.5272979736328
5 208.37814331054688
6 210.25619506835938
7 212.56439208984375
8 219.93231201171875
9 222.14300537109375
10 227.36184692382812
11 227.49320047957247
12 228.45675659179688
13 228.77122497558594
14 235.06895446777344
15 235.91610717773438
16 237.7752685546875
17 241.79844665527344
18 242.21554565429688
19 245.96705627441406
20 246.63153076171875
21 246.98532104492188
22 247.57449340820312
23 247.67141723632812
24 248.09542846679688
25 248.25714111328125
26 248.5308074951172
27 248.75048828125
28 248.8647918701172
29 249.8154296875
