0 209.208740234375
1 215.1884765625
2 223.8948211669922
3 226.98512268066406
4 227.69805908203125
5 231.16632080078125
6 231.86795043945312
7 232.4481201171875
8 235.17835998535156
9 237.1089630126953
10 237.207763671875
11 237.2541961669922
12 237.8974609375
13 238.2447509765625
14 238.6542205810547
15 238.68138122558594
16 239.50634765625
17 239.7545623779297
18 241.028076171875
19 241.267333984375
20 241.34307861328125
21 241.7893524169922
22 243.05018615722656
23 243.88375854492188
24 243.9056854248047
25 245.33001708984375
26 245.41259765625
27 245.6740264892578
28 246.29200744628906
29 246.7557830810547
