0 224.66854858398438
1 230.9345703125
2 234.5609130859375
3 235.26742553710938
4 235.34898376464844
5 236.96469116210938
6 237.32894897460938
7 239.79905700683594
8 239.86783523305044
9 240.75521850585938
10 241.70907592773438
11 242.7609100341797
12 244.00064086914062
13 244.14907836914062
14 244.3301239013672
15 244.7744903564453
16 245.88717651367188
17 246.3360595703125
18 246.62156677246094
19 247.26901245117188
20 247.58642578125
21 248.11241149902344
22 248.21273803710938
23 248.2509765625
24 248.2538604736328
25 248.893798828125
26 248.99124145507812
27 249.19863891601562
28 249.49139404296875
29 250.0571746826172
