0 190.51303100585938
1 190.5423583984375
2 203.933837890625
3 213.9561004638672
4 215.47872924804688
5 217.10812377929688
6 226.04367065429688
7 228.95018005371094
8 229.42921447753906
9 230.0651092529297
10 233.0999755859375
11 233.86837768554688
12 234.1566162109375
13 234.64181518554688
14 236.60763549804688
15 236.70065307617188
16 237.34304809570312
17 238.2066192626953
18 238.60935974121094
19 239.06170654296875
20 240.37461853027344
21 240.61361694335938
22 240.73260498046875
23 241.10647583007812
24 241.35147094726562
25 241.78878784179688
26 241.8286895751953
27 241.8306427001953
28 241.89993286132812
29 242.0623779296875
