0 210.75894165039062
1 212.61947631835938
2 213.46156311035156
3 217.10240173339844
4 217.63174438476562
5 217.81883239746094
6 219.69761657714844
7 221.06643676757812
8 221.23770141601562
9 221.2623291015625
10 221.95591735839844
11 221.9801025390625
12 224.12652587890625
13 225.15631103515625
14 225.91891479492188
15 227.1165313720703
16 227.30535888671875
17 227.58795166015625
18 227.77508544921875
19 228.89759766872126
20 229.1466064453125
21 229.1486358642578
22 229.44903564453125
23 229.47604370117188
24 229.9164276123047
25 230.907470703125
26 231.09510803222656
27 231.7633819580078
28 232.8328857421875
29 233.0823516845703
