0 200.16180419921875
1 219.4408721923828
2 220.81683349609375
3 223.03762817382812
4 223.9322967529297
5 224.01898193359375
6 224.04722595214844
7 224.78384399414062
8 226.90081787109375
9 232.24057006835938
10 232.43724060058594
11 233.92263793945312
12 235.91270446777344
13 237.24200439453125
14 239.0316619873047
15 239.03509521484375
16 239.2794189453125
17 239.4612579345703
18 241.0802764892578
19 242.73562622070312
20 243.13519287109375
21 243.4654541015625
22 243.62173461914062
23 244.33151245117188
24 245.13050842285156
25 245.49668884277344
26 246.70323181152344
27 247.07554626464844
28 247.1016082763672
29 247.1544647216797
