0 228.91758728027344
1 234.352294921875
2 234.9788818359375
3 235.25030517578125
4 235.69044494628906
5 237.57452392578125
6 237.7598876953125
7 238.7327880859375
8 238.87266540527344
9 238.97598266601562
10 240.53204345703125
11 240.6582794189453
12 241.720458984375
13 243.48367309570312
14 243.54794311523438
15 243.64996337890625
16 243.82254028320312
17 244.3609161376953
18 244.818359375
19 244.8323974609375
20 245.0732879638672
21 245.12997436523438
22 245.2965850830078
23 245.36013793945312
24 245.4279022216797
25 245.9130401611328
26 246.221435546875
27 246.59690856933594
28 246.69943237304688
29 246.70108032226562
