0 182.39366149902344
1 182.53866577148438
2 183.68356323242188
3 185.74172973632812
4 186.3281707763672
5 186.5800018310547
6 187.8283233642578
7 188.0746612548828
8 188.39881896972656
9 188.612548828125
10 189.0707244873047
11 189.62109375
12 189.86715698242188
13 189.92050170898438
14 190.4994659423828
15 190.63458251953125
16 191.4359893798828
17 191.73997497558594
18 191.8852996826172
19 192.85195922851562
20 192.94638061523438
21 192.99623107910156
22 193.73538208007812
23 193.91066796114947
24 194.06068420410156
25 194.41995239257812
26 194.83660888671875
27 195.1798858642578
28 195.25042724609375
29 195.46963500976562
