0 173.50927734375
1 174.21070861816406
2 175.5712127685547
3 176.2052764892578
4 176.3186798095703
5 176.69952392578125
6 176.99302673339844
7 177.00775146484375
8 177.56277465820312
9 178.79086303710938
10 178.8740692138672
11 179.1962890625
12 179.5177764892578
13 179.5570831298828
14 179.71694946289062
15 179.80746459960938
16 180.05001831054688
17 180.06390380859375
18 180.88552856445312
19 181.280517578125
20 181.96615600585938
21 182.43478393554688
22 182.70545959472656
23 182.93045043945312
24 183.0551300048828
25 183.12342834472656
26 183.9002227783203
27 183.992919921875
28 184.26620483398438
29 184.3644561767578
