0 215.47940063476562
1 216.5753631591797
2 219.2557830810547
3 221.40640258789062
4 221.75942993164062
5 224.2053628390213
6 229.68031311035156
7 230.22006225585938
8 230.3731689453125
9 230.46539306640625
10 232.90243530273438
11 233.1893310546875
12 234.4646759033203
13 235.7329864501953
14 236.76840209960938
15 237.02735900878906
16 237.31768798828125
17 238.0299072265625
18 238.57373046875
19 239.53939819335938
20 240.25306701660156
21 240.42518615722656
22 240.885986328125
23 241.2023162841797
24 241.4362335205078
25 241.62457275390625
26 242.42117309570312
27 242.45831298828125
28 242.83740234375
29 243.02688598632812
