0 189.82955932617188
1 225.6566925048828
2 229.62310791015625
3 230.1430206298828
4 234.4405517578125
5 235.04562377929688
6 237.34869384765625
7 237.96356201171875
8 238.93824768066406
9 240.61770629882812
10 241.43838500976562
11 241.9174041748047
12 243.69244384765625
13 243.70706176757812
14 243.93966674804688
15 244.06622314453125
16 244.96322631835938
17 245.40066528320312
18 246.53057861328125
19 247.02511596679688
20 251.0443572998047
21 251.66973876953125
22 251.74142456054688
23 251.9547882080078
24 253.48056030273438
25 255.33401489257812
26 256.049072265625
27 256.1496887207031
28 256.5877685546875
29 256.6264953613281
