0 201.59449768066406
1 210.18505859375
2 213.92996215820312
3 213.92996215820312
4 214.05079650878906
5 214.57156372070312
6 220.15594482421875
7 221.36508178710938
8 222.56202697753906
9 223.4558563232422
10 223.59481811523438
11 225.32861328125
12 226.8351287841797
13 227.19976806640625
14 227.33203125
15 228.16903686523438
16 228.68812561035156
17 228.98648071289062
18 229.01229858398438
19 229.05609130859375
20 229.58766174316406
21 229.68527221679688
22 230.5597381591797
23 230.81796264648438
24 232.20443725585938
25 232.3119354248047
26 232.4101104736328
27 232.60870361328125
28 232.6475830078125
29 233.35060119628906
