0 205.22189331054688
1 210.3518829345703
2 214.93919372558594
3 215.1344451904297
4 218.7674560546875
5 220.4332275390625
6 221.66049194335938
7 222.7012176513672
8 223.455078125
9 223.5462188720703
10 223.6700439453125
11 223.8172607421875
12 224.2201690673828
13 224.29124450683594
14 224.8814239501953
15 225.1435089111328
16 225.4914093017578
17 226.0135040283203
18 226.45123291015625
19 226.8028106689453
20 228.64157104492188
21 228.69054720617453
22 228.9493408203125
23 229.75167846679688
24 229.7607879638672
25 231.037841796875
26 231.92338506424983
27 231.96615600585938
28 232.37741088867188
29 232.5200958251953
