0 181.45509338378906
1 182.44081115722656
2 184.42535400390625
3 186.09024047851562
4 187.56045532226562
5 189.96112060546875
6 191.44435119628906
7 191.8849639892578
8 192.08058166503906
9 192.1092987060547
10 193.92425537109375
11 194.60557556152344
12 194.85830688476562
13 195.17396545410156
14 195.68064880371094
15 196.2918701171875
16 197.4004364013672
17 197.71221923828125
18 197.9414520263672
19 198.36669921875
20 198.45347595214844
21 199.12191772460938
22 199.19122314453125
23 199.35891723632812
24 199.3809814453125
25 199.60531616210938
26 200.05343627929688
27 200.77261352539062
28 200.78280639648438
29 201.387451171875
