0 183.50277709960938
1 191.062744140625
2 194.68597412109375
3 197.48193941525165
4 203.4772491455078
5 204.88418579101562
6 207.2801971435547
7 209.24081420898438
8 210.8619384765625
9 213.13682556152344
10 213.43731689453125
11 214.6541748046875
12 214.835693359375
13 215.058837890625
14 215.6144256591797
15 215.9029541015625
16 216.77862548828125
17 218.2830810546875
18 218.3019561767578
19 218.5672607421875
20 218.8202362060547
21 219.20494079589844
22 219.44625854492188
23 220.00076293945312
24 220.0323944091797
25 220.146728515625
26 220.79336547851562
27 221.49240112304688
28 221.68612670898438
29 222.08914184570312
