0 193.04071044921875
1 222.16416931152344
2 233.70603942871094
3 233.7914581298828
4 234.02682495117188
5 235.25340270996094
6 235.29348754882812
7 236.87838745117188
8 237.81442260742188
9 237.83091735839844
10 237.96566772460938
11 239.5060577392578
12 239.61819458007812
13 240.3657684326172
14 240.82833862304688
15 240.9055938720703
16 241.40112397592154
17 241.53250122070312
18 241.93728637695312
19 242.0509033203125
20 243.61549377441406
21 244.13372802734375
22 244.33911297954995
23 244.36746215820312
24 244.61289978027344
25 244.9967041015625
26 245.21682739257812
27 245.7742156982422
28 245.8358154296875
29 246.0266876220703
