0 242.80079650878906
1 255.94705200195312
2 265.0137634277344
3 265.62725830078125
4 269.0873107910156
5 269.35369873046875
6 270.77655029296875
7 272.2152099609375
8 272.8770751953125
9 273.10595703125
10 274.2034912109375
11 274.3246765136719
12 274.7590026855469
13 275.84967041015625
14 276.453125
15 277.21435546875
16 277.6711730957031
17 278.99755859375
18 279.2172546386719
19 279.4282531738281
20 280.0386657714844
21 280.19219970703125
22 280.2533874511719
23 280.3906555175781
24 280.4825439453125
25 280.68206787109375
26 281.9666748046875
27 282.0798034667969
28 282.7954119800837
29 283.52764892578125
