0 241.66090393066406
1 243.03201293945312
2 244.52243041992188
3 244.87155151367188
4 245.64096069335938
5 245.95091247558594
6 246.18991088867188
7 246.44093322753906
8 247.55133056640625
9 248.99549865722656
10 249.4301300048828
11 249.695068359375
12 249.80096435546875
13 250.7527618408203
14 250.93064880371094
15 250.93923950195312
16 251.54238891601562
17 252.56399536132812
18 253.1207275390625
19 254.0056610107422
20 254.30828857421875
21 254.72842407226562
22 255.81103515625
23 255.8532257080078
24 256.01641845703125
25 256.48834228515625
26 256.63739013671875
27 257.43170166015625
28 257.5111083984375
29 257.5965270996094
