0 198.24221801757812
1 211.64242553710938
2 212.03353881835938
3 216.03717041015625
4 218.11354064941406
5 219.5955810546875
6 219.98965454101562
7 220.0880889892578
8 220.19476318359375
9 221.82838439941406
10 222.06736755371094
11 223.6085205078125
12 225.66209411621094
13 226.43914794921875
14 227.29396057128906
15 227.36138916015625
16 227.44830322265625
17 227.64053344726562
18 227.9401397705078
19 228.16690063476562
20 229.2388916015625
21 229.76629638671875
22 229.85690307617188
23 229.9088592529297
24 230.4129180908203
25 230.5593719482422
26 230.56146240234375
27 232.30691528320312
28 232.45997619628906
29 232.70248413085938
