0 224.70050048828125
1 227.75204467773438
2 228.0242156982422
3 229.6915740966797
4 230.3262939453125
5 230.5230712890625
6 230.76300048828125
7 231.07516479492188
8 231.35389913610527
9 232.0660400390625
10 232.22625732421875
11 232.29837036132812
12 232.56285095214844
13 232.92178344726562
14 233.24130249023438
15 234.06961059570312
16 234.37796020507812
17 235.27578735351562
18 235.44688415527344
19 235.52554321289062
20 235.62738037109375
21 235.7026824951172
22 236.1161346435547
23 236.13307189941406
24 236.20643615722656
25 236.35858154296875
26 236.79698181152344
27 237.11276245117188
28 237.31983947753906
29 238.38638305664062
