0 206.49342346191406
1 207.35122680664062
2 207.84483337402344
3 208.87863159179688
4 209.34408569335938
5 211.19886779785156
6 211.28872680664062
7 212.946044921875
8 214.68194580078125
9 215.02403259277344
10 215.826171875
11 216.7008056640625
12 216.8492889404297
13 217.0469207763672
14 217.30169677734375
15 218.39370727539062
16 218.86154174804688
17 219.02235412597656
18 219.11538696289062
19 219.83139038085938
20 220.80751037597656
21 220.9730682373047
22 221.25790405273438
23 221.83071899414062
24 222.34185791015625
25 222.87789916992188
26 223.8243408203125
27 224.320556640625
28 224.57467651367188
29 224.9498291015625
