0 186.79873657226562
1 203.54620361328125
2 203.8892364501953
3 208.90394592285156
4 216.60643005371094
5 218.907958984375
6 219.7670135498047
7 221.01441955566406
8 222.0195770263672
9 222.100830078125
10 226.94313049316406
11 229.92103576660156
12 233.00704956054688
13 233.2364501953125
14 233.45803833007812
15 236.0775604248047
16 237.4500732421875
17 237.74508666992188
18 238.09671020507812
19 238.52203369140625
20 239.47314453125
21 239.8425750732422
22 239.89532470703125
23 241.46517944335938
24 242.0626678466797
25 242.36598205566406
26 242.5150146484375
27 243.63427734375
28 243.82162475585938
29 244.03530883789062
