0 254.19935607910156
1 260.0667419433594
2 263.666748046875
3 273.8182678222656
4 274.5451354980469
5 277.0221862792969
6 277.919189453125
7 277.9491271972656
8 280.3358459472656
9 280.6465148925781
10 281.46551513671875
11 282.4964904785156
12 282.8466796875
13 283.161865234375
14 283.5578918457031
15 284.727294921875
16 284.7474365234375
17 285.00811767578125
18 285.67156982421875
19 285.8612060546875
20 285.8668518066406
21 286.033935546875
22 286.17041015625
23 286.6644287109375
24 286.93829345703125
25 287.0257873535156
26 287.1199035644531
27 287.6087646484375
28 287.8797912597656
29 287.89996337890625
