0 190.967041015625
1 192.9124298095703
2 193.3602294921875
3 194.3008270263672
4 196.39633178710938
5 196.4158477783203
6 198.7756805419922
7 198.7784881591797
8 199.6668243408203
9 200.1768798828125
10 201.32904052734375
11 201.68832397460938
12 201.88983154296875
13 201.91329956054688
14 202.0299835205078
15 202.67166137695312
16 202.70933532714844
17 202.8236846923828
18 203.0508575439453
19 204.35552978515625
20 204.35552978515625
21 204.36727905273438
22 204.40084838867188
23 205.09051513671875
24 205.3287353515625
25 205.34547424316406
26 205.75003051757812
27 205.87037658691406
28 206.01571655273438
29 206.3791046142578
