0 222.2496337890625
1 226.47390747070312
2 234.43235778808594
3 235.9353485107422
4 239.5614471435547
5 245.443603515625
6 245.47845458984375
7 246.5192413330078
8 246.81874084472656
9 246.8504638671875
10 247.76901245117188
11 251.73483276367188
12 253.76223754882812
13 254.46896362304688
14 257.0958251953125
15 259.481201171875
16 259.94134521484375
17 260.05255126953125
18 260.9561767578125
19 261.12884521484375
20 261.173583984375
21 261.6394348144531
22 261.6394348144531
23 261.7708740234375
24 262.05157470703125
25 263.4999084472656
26 263.5966796875
27 264.1515808105469
28 264.6697082519531
29 264.6821594238281
