0 232.61480712890625
1 240.05320739746094
2 240.11825561523438
3 242.84005737304688
4 247.22415161132812
5 248.17770385742188
6 248.52786254882812
7 250.35580444335938
8 250.65074157714844
9 253.68519592285156
10 254.59280395507812
11 254.64134216308594
12 255.20138549804688
13 256.1143493652344
14 256.12738037109375
15 257.22894287109375
16 257.48004150390625
17 258.6424560546875
18 258.994140625
19 259.50921630859375
20 259.5599670410156
21 259.90692138671875
22 261.31365966796875
23 261.5234375
24 261.5992431640625
25 261.62359619140625
26 261.8328513301955
27 261.9228515625
28 262.19378662109375
29 262.28594970703125
