0 167.220947265625
1 168.39468383789062
2 168.39495849609375
3 171.1789093017578
4 171.32583618164062
5 172.78460693359375
6 173.22677612304688
7 174.87069702148438
8 175.59393310546875
9 176.18798828125
10 177.0178985595703
11 177.02627563476562
12 177.0813751220703
13 177.4252471923828
14 177.72618103027344
15 177.75064086914062
16 178.3777313232422
17 178.4224090576172
18 179.03245544433594
19 179.1707305908203
20 179.65769958496094
21 180.18804931640625
22 180.41058349609375
23 180.8690643310547
24 181.35400390625
25 181.4297637939453
26 181.63673400878906
27 181.690185546875
28 182.08792114257812
29 182.1434783935547
