0 182.2373046875
1 184.28121948242188
2 185.28013610839844
3 187.89830017089844
4 188.1536865234375
5 189.22024536132812
6 190.09165954589844
7 190.49563598632812
8 190.63693237304688
9 192.06065368652344
10 192.94508361816406
11 193.00308227539062
12 193.30258178710938
13 193.30514526367188
14 193.32626342773438
15 193.62066650390625
16 193.8335418701172
17 194.91998291015625
18 194.99810791015625
19 195.33566284179688
20 195.56063842773438
21 195.56393432617188
22 195.95018005371094
23 196.06243896484375
24 196.28358459472656
25 196.62484741210938
26 196.9752655029297
27 197.33132934570312
28 198.6602020263672
29 198.75018310546875
