0 180.39004516601562
1 183.71835327148438
2 183.9729766845703
3 184.53329467773438
4 184.6195831298828
5 184.96994018554688
6 185.2533416748047
7 185.7567138671875
8 186.42718505859375
9 186.58583068847656
10 187.4928436279297
11 187.75784301757812
12 188.08786010742188
13 188.82554626464844
14 188.82870483398438
15 189.23638916015625
16 189.5186767578125
17 189.6915283203125
18 190.23699951171875
19 190.5428466796875
20 190.7549591064453
21 191.31024169921875
22 191.34324645996094
23 191.41879272460938
24 191.5185546875
25 191.7173309326172
26 191.82887268066406
27 192.1592559814453
28 192.48867797851562
29 192.4983673095703
