0 196.274169921875
1 217.45108032226562
2 220.9256591796875
3 224.1319580078125
4 225.04441833496094
5 225.1255340576172
6 228.32254028320312
7 229.63528442382812
8 230.34515380859375
9 232.55352783203125
10 235.63873291015625
11 236.26022338867188
12 236.82235717773438
13 237.39781188964844
14 238.22500610351562
15 239.25906372070312
16 240.42416381835938
17 243.00196838378906
18 244.03921508789062
19 245.25811767578125
20 246.34930419921875
21 248.13320922851562
22 250.3033447265625
23 250.64260864257812
24 250.8487548828125
25 252.01815795898438
26 252.20452880859375
27 254.72830200195312
28 257.9156188964844
29 258.3201904296875
