0 166.8529052734375
1 174.0751953125
2 177.13119506835938
3 194.21551513671875
4 194.73104858398438
5 200.3099365234375
6 205.5426025390625
7 215.61135864257812
8 217.81231689453125
9 220.03262329101562
10 220.61109924316406
11 221.23167419433594
12 221.33587646484375
13 221.6206512451172
14 224.97918701171875
15 226.67681884765625
16 226.6970672607422
17 227.12686157226562
18 227.29608154296875
19 228.44891357421875
20 228.47874450683594
21 229.29429626464844
22 229.32632446289062
23 229.67767333984375
24 230.04580688476562
25 230.3486328125
26 230.37924194335938
27 230.42723083496094
28 231.06907653808594
29 231.3594970703125
