0 218.54000854492188
1 226.68963623046875
2 226.71002197265625
3 232.69033813476562
4 234.0514373779297
5 235.3155059814453
6 235.68743896484375
7 235.88967895507812
8 235.97645568847656
9 238.8345947265625
10 239.19479370117188
11 242.73458862304688
12 243.162109375
13 245.2159423828125
14 245.23672485351562
15 245.30787658691406
16 245.7275848388672
17 247.3715057373047
18 247.44805908203125
19 247.60610961914062
20 247.82232666015625
21 248.39501953125
22 248.5994110107422
23 249.04110717773438
24 249.77557373046875
25 249.8264617919922
26 250.2228240966797
27 250.3647870938235
28 250.92208862304688
29 251.25819396972656
