0 186.2307891845703
1 205.3646697998047
2 205.4063262939453
3 207.3143768310547
4 208.2423095703125
5 213.6361083984375
6 214.2837371826172
7 214.83482360839844
8 215.9252471923828
9 216.00686645507812
10 216.33811950683594
11 217.7672882080078
12 218.3983154296875
13 220.61569213867188
14 221.20166015625
15 222.1425323486328
16 222.5324249267578
17 223.27354431152344
18 223.453369140625
19 224.55413818359375
20 224.56185913085938
21 225.12570190429688
22 225.99331665039062
23 226.03567504882812
24 226.32776684609925
25 226.42091369628906
26 226.6486053466797
27 226.69558715820312
28 227.4508514404297
29 227.5725555419922
