0 207.2646942138672
1 209.25479125976562
2 214.98678588867188
3 219.487060546875
4 220.59774780273438
5 220.87823486328125
6 221.63858032226562
7 221.68185424804688
8 223.26272583007812
9 224.2361602783203
10 224.92088317871094
11 225.085693359375
12 225.2632293701172
13 225.3936767578125
14 225.55899047851562
15 226.21804809570312
16 226.83343505859375
17 227.1090850830078
18 227.61407470703125
19 228.8447265625
20 228.91510009765625
21 228.95571899414062
22 229.12701416015625
23 229.50494384765625
24 229.5296173095703
25 229.88861083984375
26 229.91598510742188
27 229.92269897460938
28 230.03836059570312
29 230.5755615234375
