0 178.3887176513672
1 181.13031005859375
2 186.55442810058594
3 188.3824920654297
4 189.36158752441406
5 190.94346618652344
6 191.03237915039062
7 191.56443786621094
8 193.4874267578125
9 193.7010040283203
10 194.08058166503906
11 194.49807739257812
12 196.6247100830078
13 196.6748046875
14 196.69630432128906
15 196.78094482421875
16 197.22711181640625
17 197.40692138671875
18 197.69317626953125
19 197.89207458496094
20 198.0099639892578
21 198.50634765625
22 198.72341918945312
23 198.79550170898438
24 198.85394287109375
25 199.0106201171875
26 199.33779907226562
27 199.86679077148438
28 199.96829223632812
29 200.15484619140625
