0 171.41163635253906
1 203.29867553710938
2 204.06295776367188
3 205.98634338378906
4 211.70318603515625
5 212.44520568847656
6 213.2602081298828
7 213.54234313964844
8 214.27151489257812
9 214.5213623046875
10 216.07167053222656
11 216.30661010742188
12 217.0967559814453
13 217.48348999023438
14 218.99923706054688
15 220.09686279296875
16 220.75184631347656
17 220.7808837890625
18 220.9742431640625
19 221.75950622558594
20 221.954345703125
21 221.97845458984375
22 222.61343383789062
23 222.68960571289062
24 223.057373046875
25 223.7394561767578
26 223.8022003173828
27 223.80433654785156
28 223.9473876953125
29 224.21240234375
