0 244.65936279296875
1 245.1190185546875
2 245.24176025390625
3 245.9846954345703
4 246.36099243164062
5 247.34158325195312
6 248.51144409179688
7 249.48727416992188
8 249.5484161376953
9 249.76019287109375
10 250.29705810546875
11 250.68606567382812
12 250.88284301757812
13 250.99789428710938
14 252.35992431640625
15 252.84658813476562
16 252.96768188476562
17 253.24474942930033
18 253.48782348632812
19 253.555419921875
20 253.93666076660156
21 254.04705810546875
22 254.40325927734375
23 254.71812438964844
24 255.3974609375
25 255.91387939453125
26 256.2161865234375
27 256.35809326171875
28 256.52545166015625
29 257.4448547363281
