0 210.8394775390625
1 223.7563934326172
2 223.88414001464844
3 232.7881622314453
4 234.63430786132812
5 235.24691772460938
6 236.8021697998047
7 237.11666870117188
8 237.95223999023438
9 239.12298583984375
10 240.021728515625
11 240.67018127441406
12 241.02049255371094
13 241.10012817382812
14 241.53533935546875
15 241.88757958068848
16 242.5079803466797
17 242.55010986328125
18 242.75160217285156
19 242.973876953125
20 243.02987670898438
21 243.06881713867188
22 243.718994140625
23 243.81568908691406
24 243.86062622070312
25 244.23049926757812
26 244.4110107421875
27 244.70436096191406
28 244.814697265625
29 244.87002563476562
