0 179.53306579589844
1 182.25596618652344
2 185.1881103515625
3 186.0155029296875
4 187.6833953857422
5 187.74473571777344
6 189.5994873046875
7 189.6689453125
8 189.91070556640625
9 190.0662841796875
10 192.30484008789062
11 192.68283081054688
12 192.85047912597656
13 193.0115203857422
14 193.05938720703125
15 193.20693969726562
16 193.56536865234375
17 193.83169555664062
18 193.83177185058594
19 194.14682006835938
20 194.37005615234375
21 194.419921875
22 194.5821075439453
23 195.00616455078125
24 195.23739624023438
25 195.45703125
26 195.52218627929688
27 195.65322875976562
28 195.89369201660156
29 196.09188842773438
