0 224.07232666015625
1 224.5878448486328
2 241.21194458007812
3 247.61532592773438
4 248.92129516601562
5 251.98251342773438
6 253.40309143066406
7 254.96908569335938
8 255.52157592773438
9 255.8946990966797
10 255.930419921875
11 257.19158935546875
12 257.2695007324219
13 257.58001708984375
14 257.7900390625
15 259.7298889160156
16 260.0038146972656
17 260.3711853027344
18 260.6224670410156
19 260.7872314453125
20 260.8839111328125
21 260.91912841796875
22 261.3990173339844
23 261.4242858886719
24 261.469482421875
25 261.6568298339844
26 261.9581298828125
27 262.63836669921875
28 262.9302062988281
29 263.0245056152344
