0 187.4730682373047
1 187.51409912109375
2 188.34609985351562
3 188.5877685546875
4 190.16366577148438
5 191.38726806640625
6 191.81153869628906
7 192.21896362304688
8 193.045166015625
9 193.48953247070312
10 193.67575073242188
11 193.9718017578125
12 194.0745086669922
13 195.5020294189453
14 195.73910522460938
15 196.22372436523438
16 196.25418090820312
17 196.6306610107422
18 197.41871643066406
19 197.5373992919922
20 197.5757293701172
21 197.66131591796875
22 198.0260467529297
23 198.24090576171875
24 198.4932403564453
25 198.84600830078125
26 199.46588134765625
27 199.49063110351562
28 199.64906311035156
29 199.7432098388672
