0 179.8094482421875
1 180.805419921875
2 180.90847778320312
3 181.00457763671875
4 183.96548461914062
5 185.1284942626953
6 185.7879180908203
7 186.1674041748047
8 186.51455688476562
9 187.43556213378906
10 187.76870727539062
11 188.0678253173828
12 188.146240234375
13 188.39134216308594
14 188.55123901367188
15 188.58596801757812
16 188.82553100585938
17 190.05789184570312
18 190.0821533203125
19 190.22430419921875
20 190.6806640625
21 190.7436065673828
22 191.3061065673828
23 191.41400146484375
24 191.580078125
25 192.7937774658203
26 192.88852582154854
27 192.9126434326172
28 193.0201416015625
29 193.48643493652344
