0 199.98593139648438
1 205.98992919921875
2 207.51461791992188
3 209.7688751220703
4 212.0329132080078
5 212.89013671875
6 213.10708618164062
7 215.46556091308594
8 215.51077270507812
9 215.55126953125
10 215.60775756835938
11 215.75982666015625
12 216.8699188232422
13 217.79025268554688
14 218.47164916992188
15 219.18399047851562
16 220.71084594726562
17 220.74205017089844
18 221.0531768798828
19 221.0876007080078
20 221.13583374023438
21 221.15225219726562
22 221.70465087890625
23 221.9783935546875
24 222.28785705566406
25 222.90692138671875
26 223.01214599609375
27 223.21148681640625
28 223.41390991210938
29 223.70712280273438
