0 185.63743591308594
1 190.78024291992188
2 193.03872680664062
3 199.9842987060547
4 200.9654541015625
5 201.4479522705078
6 210.9024200439453
7 211.12828063964844
8 213.29855346679688
9 213.694091796875
10 213.93800354003906
11 214.8486785888672
12 215.36317443847656
13 215.63140869140625
14 215.74288940429688
15 217.32614135742188
16 218.337158203125
17 218.75123596191406
18 219.587646484375
19 219.5876922607422
20 219.71920776367188
21 221.8950653076172
22 221.96182250976562
23 222.42852783203125
24 222.495361328125
25 223.03903198242188
26 223.12594604492188
27 223.12716674804688
28 223.89247131347656
29 223.91213989257812
