0 178.89031982421875
1 203.7159881591797
2 207.00820922851562
3 207.07748413085938
4 207.39210510253906
5 207.5113525390625
6 207.8745574951172
7 208.54129028320312
8 209.18106079101562
9 209.86077880859375
10 210.05673217773438
11 210.28952026367188
12 210.47975158691406
13 210.92645263671875
14 210.98324584960938
15 211.02084350585938
16 214.59912109375
17 214.854248046875
18 215.2345428466797
19 215.27047729492188
20 215.69894409179688
21 215.8599395751953
22 216.7758026123047
23 217.50711059570312
24 217.66729736328125
25 218.2535400390625
26 218.286376953125
27 219.08477783203125
28 219.20059204101562
29 219.77032470703125
