0 230.61376953125
1 236.4357452392578
2 240.7609100341797
3 241.85458374023438
4 244.7491912841797
5 245.30609130859375
6 245.66839599609375
7 246.03990173339844
8 247.35098266601562
9 247.77508544921875
10 248.50537109375
11 248.9118202030168
12 249.26089477539062
13 249.40167236328125
14 249.67742919921875
15 249.8643035888672
16 250.7417449951172
17 250.84884643554688
18 251.414306640625
19 251.7196044921875
20 251.76504516601562
21 251.9270477294922
22 252.0217742919922
23 252.253662109375
24 252.31533793055743
25 252.51486206054688
26 252.51998901367188
27 253.05397033691406
28 253.11451721191406
29 253.39402770996094
