0 182.23077392578125
1 186.44674682617188
2 187.68495178222656
3 188.1768798828125
4 188.62362670898438
5 189.72384643554688
6 191.70147705078125
7 192.48753356933594
8 192.66268920898438
9 194.39315795898438
10 194.716064453125
11 195.2232666015625
12 196.06582641601562
13 196.52394104003906
14 197.20382690429688
15 197.9125213623047
16 198.06304931640625
17 198.15676879882812
18 198.1694793701172
19 198.48841857910156
20 198.8183135986328
21 199.30133056640625
22 199.55300903320312
23 199.78399658203125
24 199.9138641357422
25 200.02232360839844
26 200.61570739746094
27 200.89224243164062
28 201.33554077148438
29 201.4871826171875
