0 186.4921875
1 188.64797973632812
2 191.59991455078125
3 192.16554260253906
4 194.17999267578125
5 196.2532196044922
6 198.1021728515625
7 198.88304138183594
8 200.37750244140625
9 200.50921630859375
10 201.67672729492188
11 202.68028259277344
12 203.3648223876953
13 203.78857421875
14 204.32476806640625
15 205.1170654296875
16 205.55609130859375
17 207.0677490234375
18 207.3539276123047
19 208.04443359375
20 208.3955078125
21 209.29083251953125
22 209.45022583007812
23 209.61346435546875
24 209.64083862304688
25 211.0899658203125
26 212.23861694335938
27 212.32606506347656
28 212.5814208984375
29 212.98367309570312
