0 208.1076202392578
1 210.78256225585938
2 211.4927520751953
3 217.0511932373047
4 219.04592895507812
5 219.60885620117188
6 220.61842346191406
7 221.35403442382812
8 225.51565551757812
9 225.85816955566406
10 226.27366638183594
11 227.28140258789062
12 227.5343475341797
13 227.7584991455078
14 227.80873107910156
15 227.834228515625
16 227.88169860839844
17 229.8739471435547
18 230.04336547851562
19 230.6302743351182
20 230.70272827148438
21 230.97842407226562
22 231.73223876953125
23 231.80747985839844
24 232.2969970703125
25 232.4548797607422
26 232.49002075195312
27 233.27110290527344
28 233.3732452392578
29 233.80079607613482
