0 181.95477294921875
1 189.93585205078125
2 190.36053466796875
3 195.52371215820312
4 195.93325805664062
5 196.25755310058594
6 196.4972686767578
7 197.0709991455078
8 197.89544677734375
9 198.0757293701172
10 198.33370971679688
11 199.94789123535156
12 199.95513916015625
13 200.0626220703125
14 200.15939331054688
15 200.84934997558594
16 201.18484497070312
17 201.52516174316406
18 202.17724609375
19 202.68234252929688
20 203.02236938476562
21 203.17098999023438
22 203.20779418945312
23 203.27627563476562
24 203.97764587402344
25 204.07772827148438
26 204.77561950683594
27 204.84432983398438
28 204.8492431640625
29 205.10958862304688
