0 153.34109497070312
1 177.492431640625
2 187.51889038085938
3 188.11245727539062
4 189.9122772216797
5 193.0680694580078
6 196.31509399414062
7 196.5654296875
8 198.00611877441406
9 199.99319458007812
10 201.40899658203125
11 201.41506958007812
12 202.11351013183594
13 202.26283264160156
14 203.0111083984375
15 203.56973266601562
16 203.77125549316406
17 205.19869995117188
18 205.41177368164062
19 205.8209991455078
20 205.96298217773438
21 206.14273071289062
22 206.2188720703125
23 206.95672607421875
24 207.19149780273438
25 208.06556701660156
26 208.55996704101562
27 208.95306396484375
28 208.97433471679688
29 209.36376953125
