0 189.0767822265625
1 208.765625
2 210.73223876953125
3 216.8330535888672
4 218.77447509765625
5 222.74346923828125
6 223.32090759277344
7 224.44839477539062
8 224.77291870117188
9 226.3131866455078
10 226.36456298828125
11 226.3926239013672
12 228.91854858398438
13 229.3520965576172
14 229.60577392578125
15 229.87339782714844
16 229.91908264160156
17 230.1127166748047
18 230.12635803222656
19 230.3605499267578
20 230.452392578125
21 230.6363525390625
22 231.89309692382812
23 231.90597534179688
24 232.01507568359375
25 232.12368774414062
26 232.23634338378906
27 232.63430786132812
28 232.84783935546875
29 233.0711669921875
