0 186.98944091796875
1 195.26483154296875
2 195.58229064941406
3 198.3541259765625
4 204.65261840820312
5 204.98509216308594
6 205.359619140625
7 205.42758178710938
8 206.4548797607422
9 207.93228149414062
10 208.51531982421875
11 209.8458709716797
12 209.8638458251953
13 210.37234497070312
14 210.53282165527344
15 211.218017578125
16 211.41818237304688
17 211.49143981933594
18 211.6786346435547
19 211.9290771484375
20 211.99273681640625
21 212.57254028320312
22 212.5854949951172
23 212.9022979736328
24 213.77716064453125
25 213.8067626953125
26 213.87548828125
27 213.9535675048828
28 214.34400939941406
29 214.90573120117188
