0 179.5356903076172
1 185.3257598876953
2 185.8833465576172
3 190.45909118652344
4 192.0547637939453
5 193.37020874023438
6 194.8577117919922
7 194.961181640625
8 195.83746337890625
9 196.71041870117188
10 196.76339721679688
11 197.14894104003906
12 197.68516540527344
13 198.17019653320312
14 198.2193145751953
15 198.97799682617188
16 199.66290283203125
17 200.10531616210938
18 200.235595703125
19 201.17495727539062
20 201.18161010742188
21 201.5982666015625
22 201.6457061767578
23 201.6885986328125
24 201.81110044129898
25 202.072021484375
26 202.47662353515625
27 202.51263427734375
28 202.6466064453125
29 202.85650634765625
