0 241.3934326171875
1 251.71925354003906
2 254.4723358154297
3 256.171142578125
4 259.8952331542969
5 261.2264099121094
6 262.5322265625
7 263.03778076171875
8 263.9690856933594
9 264.81658935546875
10 265.4954833984375
11 266.0196228027344
12 266.5606994628906
13 269.082763671875
14 269.3453369140625
15 269.7087097167969
16 269.72369384765625
17 269.7530517578125
18 269.86041259765625
19 270.3720397949219
20 270.8853759765625
21 271.0252685546875
22 271.880126953125
23 272.13519287109375
24 272.4435119628906
25 272.4573974609375
26 272.52484130859375
27 272.6732177734375
28 273.5748291015625
29 273.6120910644531
