0 263.5269470214844
1 266.9741516113281
2 268.1437072753906
3 268.2832336425781
4 269.58929443359375
5 270.9404602050781
6 272.9680080090439
7 273.82407464991
8 276.0704345703125
9 279.0050354003906
10 279.1595458984375
11 279.5362854003906
12 280.10809326171875
13 280.2165222167969
14 280.50445556640625
15 280.5621643066406
16 280.6576232910156
17 280.6910400390625
18 280.861328125
19 281.10516357421875
20 281.1814270019531
21 281.8620300292969
22 282.43896484375
23 282.5383605957031
24 282.6646728515625
25 283.18603515625
26 283.2243347167969
27 283.26666259765625
28 283.2684326171875
29 283.50628662109375
