0 232.98867797851562
1 247.00674438476562
2 248.1136474609375
3 249.55422973632812
4 251.56939697265625
5 255.62193298339844
6 259.93231201171875
7 260.45635986328125
8 262.4364013671875
9 263.17626953125
10 263.32501220703125
11 263.4655456542969
12 263.5625
13 265.1792297363281
14 265.6004638671875
15 265.8916320800781
16 266.0382080078125
17 266.71575927734375
18 266.77001953125
19 267.28662109375
20 267.45361328125
21 267.74798583984375
22 267.82952880859375
23 268.5532531738281
24 268.7099914550781
25 269.4942321777344
26 270.62103271484375
27 270.95184326171875
28 270.99383544921875
29 270.99432373046875
