0 166.2899169921875
1 222.20529174804688
2 222.8165283203125
3 223.39849853515625
4 227.7098388671875
5 231.67926025390625
6 234.9921875
7 236.8743896484375
8 237.04371643066406
9 239.59091186523438
10 240.02053833007812
11 240.02590942382812
12 240.1224365234375
13 240.1734161376953
14 240.80711364746094
15 240.97769165039062
16 242.8076934814453
17 242.867431640625
18 243.52679443359375
19 243.52679443359375
20 243.54266357421875
21 243.74639892578125
22 244.540771484375
23 245.63214111328125
24 245.73553466796875
25 246.3282470703125
26 246.64117431640625
27 246.96450805664062
28 247.46112060546875
29 248.32867431640625
