0 181.5695037841797
1 184.030517578125
2 187.00335693359375
3 190.66281127929688
4 191.66329956054688
5 193.16090393066406
6 194.96080017089844
7 197.30470275878906
8 197.78677368164062
9 198.9475860595703
10 203.35040283203125
11 204.63641357421875
12 205.39395141601562
13 208.7034149169922
14 209.2068634033203
15 211.45620727539062
16 212.4734649658203
17 214.08973693847656
18 214.3209991455078
19 215.40525817871094
20 215.67544555664062
21 216.00437927246094
22 216.21096801757812
23 216.50938415527344
24 216.85556030273438
25 218.28843688964844
26 218.58534240722656
27 219.9076385498047
28 220.20333862304688
29 221.0873260498047
