0 234.40936279296875
1 246.48150634765625
2 248.836519284838
3 250.39044189453125
4 251.00445556640625
5 251.5546417236328
6 253.17300415039062
7 254.7687530517578
8 254.97607421875
9 255.1104278564453
10 257.5267333984375
11 258.76666259765625
12 258.855712890625
13 259.7352294921875
14 260.2833557128906
15 260.7432556152344
16 262.0758361816406
17 262.8506774902344
18 262.95233154296875
19 263.8741760253906
20 264.6405029296875
21 264.9815979003906
22 265.15716552734375
23 265.20587158203125
24 265.37451171875
25 265.7063903808594
26 265.89886474609375
27 266.0052185058594
28 266.1407470703125
29 266.5663757324219
