0 246.76986694335938
1 248.73345947265625
2 249.5214385986328
3 256.9839782714844
4 257.4187316894531
5 258.8885803222656
6 258.93304443359375
7 259.4775695800781
8 260.2156677246094
9 260.6224365234375
10 260.6280822753906
11 261.7554016113281
12 262.85504150390625
13 264.33820587466727
14 264.9512939453125
15 265.2580871582031
16 266.4304504394531
17 266.5508728027344
18 267.0478820800781
19 269.2024841308594
20 269.4500732421875
21 269.7870788574219
22 270.4391174316406
23 270.4473876953125
24 270.55718994140625
25 271.4912109375
26 271.5729675292969
27 271.61920166015625
28 273.2245788574219
29 273.25390625
