0 210.88565063476562
1 220.695068359375
2 220.75765991210938
3 223.98074340820312
4 230.96070861816406
5 232.7845458984375
6 233.76193237304688
7 235.02830505371094
8 235.3971710205078
9 236.3385009765625
10 238.26943969726562
11 239.59239196777344
12 239.7836151123047
13 241.24847412109375
14 241.4556121826172
15 241.5815887451172
16 241.85484313964844
17 242.04217529296875
18 242.74319458007812
19 242.8349151611328
20 242.8455047607422
21 243.61399841308594
22 244.4515239871272
23 244.68702697753906
24 244.83880615234375
25 245.497802734375
26 245.5019073486328
27 245.72402954101562
28 246.4374542236328
29 246.4967803955078
