0 220.35523986816406
1 221.9074249267578
2 223.17385864257812
3 224.3285675048828
4 225.842041015625
5 225.97744750976562
6 226.06887817382812
7 226.53173828125
8 227.19468688964844
9 227.19886779785156
10 228.07553100585938
11 228.86279296875
12 228.93106079101562
13 229.9282989501953
14 230.04014587402344
15 230.53082275390625
16 230.64810180664062
17 231.24949645996094
18 231.26336669921875
19 232.16323852539062
20 232.24037170410156
21 232.3450164794922
22 232.50450134277344
23 233.66619873046875
24 234.05892944335938
25 234.18003845214844
26 234.34393310546875
27 234.4274444580078
28 235.47360229492188
29 236.0997314453125
