0 236.28509521484375
1 239.76739501953125
2 246.74166870117188
3 249.07420349121094
4 249.42138671875
5 249.92916870117188
6 253.23004150390625
7 254.32228088378906
8 255.655517578125
9 257.1955261230469
10 257.6070556640625
11 257.631103515625
12 258.9403381347656
13 259.0853271484375
14 259.0853271484375
15 259.1414794921875
16 259.6435241699219
17 259.7973327636719
18 259.96331787109375
19 261.0257568359375
20 261.1943359375
21 262.7787780761719
22 263.0726013183594
23 263.641845703125
24 263.6833801269531
25 264.654052734375
26 264.85748291015625
27 264.95526123046875
28 265.0869445800781
29 265.49359130859375
