0 220.98684692382812
1 223.21299743652344
2 228.0556640625
3 238.48992919921875
4 239.9150848388672
5 240.6424560546875
6 241.22137451171875
7 242.70816040039062
8 243.083740234375
9 244.59568786621094
10 250.70037841796875
11 250.83551025390625
12 252.5856170654297
13 253.43649291992188
14 256.3057861328125
15 258.4995422363281
16 258.7466735839844
17 260.1040792156695
18 260.31903076171875
19 261.0115661621094
20 261.294921875
21 261.9378662109375
22 262.0740661621094
23 262.8983154296875
24 263.2321472167969
25 263.26324462890625
26 264.6422424316406
27 265.3531799316406
28 265.3966979980469
29 265.62982177734375
