0 200.4501953125
1 218.88629150390625
2 220.73721313476562
3 221.10450744628906
4 221.14825439453125
5 222.46463012695312
6 223.45713806152344
7 224.27984619140625
8 225.4821014404297
9 226.62091064453125
10 227.39633178710938
11 229.60739135742188
12 229.99542236328125
13 230.9774169921875
14 230.99969482421875
15 231.10671997070312
16 231.5362091064453
17 231.69561767578125
18 231.9571533203125
19 232.60498046875
20 232.98822021484375
21 233.2032012939453
22 233.61654663085938
23 233.8830108642578
24 234.81297302246094
25 234.92950439453125
26 235.00241088867188
27 235.10415649414062
28 236.10108947753906
29 236.26364135742188
