0 257.04937744140625
1 258.4615478515625
2 266.30450439453125
3 269.064208984375
4 269.1005554199219
5 269.4833984375
6 272.5317687988281
7 274.24560546875
8 274.26971435546875
9 274.2811584472656
10 274.60015869140625
11 274.6734924316406
12 275.05328369140625
13 275.3098449707031
14 275.3625793457031
15 275.68792724609375
16 275.7073974609375
17 276.044677734375
18 276.37420654296875
19 276.7679443359375
20 277.064453125
21 277.1789855957031
22 277.3092041015625
23 277.3258056640625
24 277.3523864746094
25 277.42266845703125
26 277.6467590332031
27 277.837646484375
28 278.0361633300781
29 278.19049072265625
