0 171.51771545410156
1 183.75616455078125
2 207.2093505859375
3 210.01617431640625
4 210.47645568847656
5 212.6856231689453
6 212.76695251464844
7 213.35865783691406
8 214.32028198242188
9 218.40557101350225
10 218.66705322265625
11 219.819091796875
12 219.88107299804688
13 219.92819213867188
14 220.34457397460938
15 221.31915283203125
16 222.20623779296875
17 222.363525390625
18 223.35015869140625
19 223.5756072998047
20 223.7689971923828
21 224.90267944335938
22 225.05294799804688
23 225.09274291992188
24 225.14254760742188
25 225.50906372070312
26 225.8631134033203
27 226.08270263671875
28 226.11749267578125
29 226.53207397460938
