0 213.14669799804688
1 214.12686157226562
2 216.4061279296875
3 221.18999036606266
4 221.75770568847656
5 223.75746154785156
6 228.29254150390625
7 229.15000915527344
8 229.61843872070312
9 231.4681396484375
10 231.5196075439453
11 232.72279357910156
12 232.99801635742188
13 233.23971557617188
14 233.91485595703125
15 235.06838989257812
16 235.86160278320312
17 236.29505920410156
18 236.6621856689453
19 237.78396606445312
20 238.01252894768882
21 238.6436309814453
22 238.8575439453125
23 239.1220703125
24 239.35202071885257
25 239.365478515625
26 239.50706481933594
27 239.67539978027344
28 239.75811767578125
29 239.82582092285156
