0 196.44711303710938
1 200.36737060546875
2 207.36932373046875
3 208.1806640625
4 210.231201171875
5 210.6316680908203
6 212.5438690185547
7 214.38668823242188
8 214.98373413085938
9 215.6586456298828
10 216.30763244628906
11 218.0618133544922
12 218.06393432617188
13 218.28182983398438
14 218.87625122070312
15 219.61013793945312
16 219.82400512695312
17 219.99930829927789
18 220.0966796875
19 220.1885223388672
20 220.63461303710938
21 221.28286743164062
22 221.33616638183594
23 221.9830780029297
24 222.07229614257812
25 222.3798065185547
26 222.73651123046875
27 222.7879638671875
28 222.8831024169922
29 222.90545654296875
