0 237.519287109375
1 240.25936889648438
2 240.90863037109375
3 257.8323974609375
4 262.4540710449219
5 263.6018981933594
6 268.4246826171875
7 269.49774169921875
8 272.1142578125
9 273.0650634765625
10 276.3100891113281
11 276.4498596191406
12 277.04486083984375
13 278.016845703125
14 278.0443420410156
15 278.93218994140625
16 279.0416259765625
17 279.7086486816406
18 280.637451171875
19 280.7337951660156
20 282.4861755371094
21 282.69378969447496
22 283.2750244140625
23 284.1470642089844
24 284.7353515625
25 285.7909240722656
26 285.8335876464844
27 286.2552795410156
28 287.0712585449219
29 287.16461181640625
