0 203.9948272705078
1 207.7153778076172
2 212.04098510742188
3 219.01573181152344
4 221.8175811767578
5 222.29051208496094
6 224.91183471679688
7 225.570068359375
8 226.993408203125
9 228.53285217285156
10 230.18246459960938
11 230.45614624023438
12 230.9759979248047
13 231.54678344726562
14 232.72166442871094
15 233.2088623046875
16 234.0874786376953
17 234.56356811523438
18 234.91090393066406
19 235.16656494140625
20 235.49090576171875
21 235.87478637695312
22 236.42861938476562
23 237.17239379882812
24 237.6397247314453
25 238.08010864257812
26 238.08740234375
27 238.10238647460938
28 238.12905883789062
29 238.89476013183594
