0 176.20492553710938
1 204.02313232421875
2 213.946044921875
3 219.0984344482422
4 219.47457885742188
5 221.40811157226562
6 224.37344360351562
7 224.99545288085938
8 225.4342803955078
9 225.65396118164062
10 226.4226837158203
11 227.98629760742188
12 228.82261657714844
13 229.18008422851562
14 229.48451232910156
15 230.4605712890625
16 230.789306640625
17 231.21795654296875
18 231.5579071044922
19 231.64044189453125
20 231.9578857421875
21 232.25601196289062
22 233.055419921875
23 233.13690185546875
24 233.66915893554688
25 233.749267578125
26 234.44345092773438
27 234.53811645507812
28 234.58499145507812
29 235.19586181640625
