0 184.36312121830554
1 190.59951782226562
2 192.10946655273438
3 195.7712860107422
4 198.07797241210938
5 201.7949981689453
6 202.60011291503906
7 203.1934356689453
8 203.68105639152748
9 204.19224548339844
10 204.7066192626953
11 204.870361328125
12 206.137451171875
13 207.18374633789062
14 208.3091278076172
15 208.65826416015625
16 208.76512145996094
17 208.90101623535156
18 209.62664794921875
19 210.00572204589844
20 210.28221130371094
21 210.59518432617188
22 210.81515502929688
23 211.09938049316406
24 211.2216033935547
25 211.62924194335938
26 211.99240112304688
27 212.26744079589844
28 212.3319854736328
29 212.5943603515625
