0 153.8444366455078
1 174.4978485107422
2 175.46475219726562
3 198.57009887695312
4 201.40145874023438
5 202.4451446533203
6 203.91757202148438
7 204.25205993652344
8 205.8876953125
9 208.40374755859375
10 209.02984619140625
11 209.4252166748047
12 209.97413635253906
13 210.70156860351562
14 210.84971618652344
15 211.24635314941406
16 211.6224365234375
17 212.6001434326172
18 213.58705139160156
19 214.11377685774713
20 214.59506225585938
21 215.0272979736328
22 215.50277709960938
23 215.51353454589844
24 215.54196166992188
25 215.60040283203125
26 216.07199096679688
27 216.0953826904297
28 216.3836212158203
29 216.48580932617188
