0 191.45310974121094
1 192.4560089111328
2 192.62823486328125
3 193.025146484375
4 194.6026611328125
5 194.75494384765625
6 194.7792510986328
7 194.92115783691406
8 195.0382080078125
9 195.11459350585938
10 195.6100616455078
11 196.69381713867188
12 197.53961181640625
13 197.61270141601562
14 197.77822875976562
15 197.79747009277344
16 197.839111328125
17 199.17645263671875
18 199.30642700195312
19 199.3438720703125
20 199.44741821289062
21 199.8325653076172
22 200.18289184570312
23 200.23794555664062
24 200.57925415039062
25 201.02366638183594
26 201.0768585205078
27 201.13751220703125
28 201.44024658203125
29 201.4806671142578
