0 196.37916564941406
1 196.76133728027344
2 212.4108428955078
3 214.09141540527344
4 214.4947967529297
5 217.18296813964844
6 218.79656982421875
7 220.2997589111328
8 220.4598846435547
9 220.6973419189453
10 221.29690551757812
11 221.35659790039062
12 222.84092712402344
13 225.17156982421875
14 225.2296600341797
15 225.77366638183594
16 226.10433959960938
17 227.27210998535156
18 227.33963012695312
19 227.74807739257812
20 228.0977020263672
21 228.15185546875
22 230.08851623535156
23 230.26795959472656
24 230.32371520996094
25 231.26333618164062
26 231.3430633544922
27 231.49752807617188
28 231.7694091796875
29 231.80653381347656
