0 188.28945922851562
1 188.6931915283203
2 197.7794189453125
3 198.7071990966797
4 198.88824462890625
5 199.7606201171875
6 200.38478088378906
7 200.47520446777344
8 200.95684814453125
9 201.8043212890625
10 201.8149871826172
11 202.0163116455078
12 202.1334228515625
13 202.88282775878906
14 203.29928588867188
15 203.7310333251953
16 203.8791046142578
17 204.01083374023438
18 204.46502685546875
19 204.76849365234375
20 204.97232055664062
21 205.108154296875
22 205.47312927246094
23 205.6394805908203
24 206.1498565673828
25 206.3647003173828
26 206.71676635742188
27 206.88246154785156
28 206.89816284179688
29 207.24024963378906
