0 193.96597290039062
1 196.87924194335938
2 201.65927124023438
3 201.94358825683594
4 202.0474090576172
5 203.67279052734375
6 203.93772888183594
7 204.25296020507812
8 204.61236572265625
9 205.75982666015625
10 206.09909057617188
11 206.3395538330078
12 207.16432189941406
13 207.3961944580078
14 207.88523864746094
15 208.2593994140625
16 208.78489685058594
17 209.43934631347656
18 209.91758728027344
19 210.09048461914062
20 210.81097412109375
21 211.2250518798828
22 211.70571899414062
23 211.76718139648438
24 212.09152221679688
25 212.2202911376953
26 212.82363891601562
27 213.2200469970703
28 213.4937744140625
29 213.62745666503906
