0 159.0843963623047
1 161.84500122070312
2 162.9962158203125
3 165.78790283203125
4 166.17282104492188
5 168.50521850585938
6 168.60145568847656
7 169.25816345214844
8 170.37249755859375
9 170.838134765625
10 171.52928161621094
11 171.71253967285156
12 172.2455291748047
13 172.48226928710938
14 172.61520385742188
15 172.89724731445312
16 173.67886352539062
17 173.9861602783203
18 173.9925537109375
19 174.370849609375
20 174.38836669921875
21 175.27545166015625
22 175.36598205566406
23 175.4403076171875
24 175.75059509277344
25 175.79405212402344
26 176.0655517578125
27 176.18267822265625
28 176.2944793701172
29 176.44894409179688
