0 197.41212463378906
1 212.56817626953125
2 217.34164428710938
3 218.12911987304688
4 218.7843017578125
5 220.80551147460938
6 222.9866180419922
7 226.88478088378906
8 227.45277404785156
9 228.0067901611328
10 229.20712280273438
11 229.39938354492188
12 230.6576385498047
13 231.21878051757812
14 231.5118408203125
15 232.30227661132812
16 232.726806640625
17 234.26962280273438
18 234.28469848632812
19 234.61911010742188
20 234.86834716796875
21 235.59397888183594
22 235.7922448271485
23 236.95433044433594
24 238.30511474609375
25 240.413818359375
26 240.56100463867188
27 241.6478271484375
28 241.92721557617188
29 242.6935577392578
