0 205.52349853515625
1 207.5133819580078
2 208.42835998535156
3 208.4310760498047
4 208.47366333007812
5 208.5138702392578
6 211.1544189453125
7 211.4028778076172
8 211.41116333007812
9 216.40234375
10 216.46792602539062
11 216.50289916992188
12 217.1577911376953
13 219.54217529296875
14 221.183837890625
15 221.52615356445312
16 221.6478729248047
17 221.84176635742188
18 221.97088623046875
19 224.03195190429688
20 224.64364624023438
21 224.75413513183594
22 224.89906311035156
23 225.0291748046875
24 225.2848358154297
25 225.40835571289062
26 225.52207946777344
27 225.5865478515625
28 225.70318603515625
29 225.79214477539062
