0 195.64398193359375
1 201.91680908203125
2 202.26556391229795
3 202.57923889160156
4 202.79486083984375
5 203.41139221191406
6 203.8682861328125
7 204.1999969482422
8 204.4654541015625
9 204.53890991210938
10 205.11683654785156
11 205.66217041015625
12 206.23495483398438
13 206.51412963867188
14 206.6584014892578
15 207.22718811035156
16 207.52206420898438
17 207.69400024414062
18 207.90765380859375
19 207.9823760986328
20 208.06466674804688
21 208.14688110351562
22 208.32403564453125
23 208.67294311523438
24 208.8589324951172
25 208.93325805664062
26 209.54000854492188
27 209.64102172851562
28 209.77670288085938
29 209.7919158935547
