0 209.6248321533203
1 214.75201416015625
2 224.20880126953125
3 224.25167846679688
4 225.91151428222656
5 227.35604858398438
6 227.6014404296875
7 228.53750610351562
8 229.01918029785156
9 229.243896484375
10 230.3108367919922
11 230.7782745361328
12 230.92796325683594
13 231.16567993164062
14 231.31361389160156
15 231.43544006347656
16 231.66912841796875
17 231.66912841796875
18 231.6932373046875
19 231.80348205566406
20 231.86407470703125
21 232.076416015625
22 232.33168029785156
23 232.5238494873047
24 232.72000122070312
25 233.77853393554688
26 234.72889709472656
27 235.4662322998047
28 235.73916625976562
29 236.04583740234375
