0 182.30657958984375
1 182.7100830078125
2 185.79327392578125
3 190.06771850585938
4 190.84976196289062
5 190.98501586914062
6 191.9991455078125
7 193.61715698242188
8 194.64324951171875
9 195.58065795898438
10 195.6937713623047
11 196.33285522460938
12 196.81976318359375
13 196.8966522216797
14 196.95254516601562
15 197.458984375
16 197.68934631347656
17 199.0081024169922
18 199.53482055664062
19 200.021240234375
20 200.1168975830078
21 200.53594970703125
22 201.36849975585938
23 201.49058532714844
24 201.8083953857422
25 201.9733123779297
26 202.31434631347656
27 202.3695068359375
28 202.55752563476562
29 203.05514526367188
