0 195.62893676757812
1 209.51913452148438
2 214.37411499023438
3 220.04367065429688
4 223.09884643554688
5 238.87973022460938
6 240.02862548828125
7 240.67922973632812
8 242.13308715820312
9 244.85421752929688
10 246.117431640625
11 248.33465576171875
12 249.7553253173828
13 250.68606567382812
14 250.77999877929688
15 251.1912384033203
16 251.51197814941406
17 252.55059814453125
18 253.23500061035156
19 253.68460083007812
20 253.87106323242188
21 254.1561279296875
22 255.3307647705078
23 255.47531127929688
24 255.66729736328125
25 255.7996826171875
26 255.97975158691406
27 256.32958984375
28 257.0289001464844
29 257.65234375
