0 259.55316162109375
1 260.5625915527344
2 260.65777587890625
3 264.3199157714844
4 265.36126708984375
5 266.921142578125
6 269.609619140625
7 273.9502868652344
8 277.87725830078125
9 278.3564453125
10 279.44921875
11 280.16326904296875
12 280.3072509765625
13 280.323974609375
14 280.5551452636719
15 281.06243896484375
16 282.442626953125
17 282.74884033203125
18 283.17919921875
19 283.6767540314121
20 283.7715759277344
21 283.83929443359375
22 284.5336608886719
23 284.77490234375
24 284.7857666015625
25 285.1533508300781
26 286.0239562988281
27 286.0560302734375
28 286.44976806640625
29 286.450927734375
