0 170.513427734375
1 171.5498809814453
2 172.07960510253906
3 173.74142456054688
4 175.08380126953125
5 177.78289794921875
6 179.37063598632812
7 179.5985107421875
8 179.64706420898438
9 180.2660369873047
10 180.78506469726562
11 180.85704040527344
12 180.9071807861328
13 180.95452880859375
14 181.5541229248047
15 181.6201171875
16 182.3274688720703
17 182.377685546875
18 182.406005859375
19 183.44400024414062
20 184.1318359375
21 184.30624389648438
22 184.3361053466797
23 184.5560760498047
24 185.08383178710938
25 185.10691833496094
26 185.1574249267578
27 185.18658447265625
28 185.64678955078125
29 185.65577697753906
