0 141.25167846679688
1 192.47052001953125
2 193.86721801757812
3 204.4732666015625
4 212.29940795898438
5 213.93521118164062
6 215.2779541015625
7 215.8349151611328
8 217.5248565673828
9 217.86758422851562
10 218.4666748046875
11 218.52456665039062
12 220.4866180419922
13 220.67935180664062
14 221.40956115722656
15 222.26535034179688
16 222.39224243164062
17 223.67254638671875
18 224.11373901367188
19 225.44265747070312
20 225.53607177734375
21 225.63003540039062
22 225.6556854248047
23 226.4883270263672
24 227.316162109375
25 227.93490600585938
26 228.13250732421875
27 228.41122436523438
28 228.6676483154297
29 229.8124542236328
