0 224.59268188476562
1 224.91294860839844
2 225.58665466308594
3 230.2673797607422
4 234.4080352783203
5 234.6357421875
6 235.2617950439453
7 241.9243621826172
8 242.30734252929688
9 242.43951416015625
10 242.76644897460938
11 243.07443237304688
12 243.56626892089844
13 243.8076171875
14 243.84518432617188
15 244.10382080078125
16 244.86008370508296
17 245.5943603515625
18 245.83633422851562
19 246.99188232421875
20 247.13519287109375
21 247.39297485351562
22 248.1294403076172
23 248.18789672851562
24 248.65676879882812
25 248.65911865234375
26 249.587646484375
27 250.1535186767578
28 250.46963500976562
29 250.52655029296875
