0 235.9302978515625
1 238.11776733398438
2 239.84780883789062
3 240.16464233398438
4 240.64205932617188
5 242.90660095214844
6 247.84619140625
7 250.9801025390625
8 252.6584930419922
9 252.951904296875
10 254.07974243164062
11 254.17288208007812
12 254.3958282470703
13 254.92420959472656
14 255.31802368164062
15 255.4549560546875
16 255.84619140625
17 256.0202941894531
18 256.03887939453125
19 256.05950927734375
20 256.300537109375
21 256.5035705566406
22 256.9633483886719
23 257.38299560546875
24 257.4884033203125
25 257.5511474609375
26 257.63970947265625
27 258.371337890625
28 258.6528015136719
29 259.4700927734375
