0 224.62078857421875
1 229.64976501464844
2 231.53836059570312
3 232.19351196289062
4 233.8904571533203
5 234.01510620117188
6 234.70040893554688
7 235.57569885253906
8 239.17153930664062
9 239.32469177246094
10 240.92750549316406
11 241.9149169921875
12 242.57981872558594
13 242.6310272216797
14 243.05599975585938
15 244.27684020996094
16 244.64932250976562
17 244.88128662109375
18 245.10372924804688
19 246.08218383789062
20 246.91195678710938
21 247.2797088623047
22 249.26434326171875
23 250.0699462890625
24 251.71253967285156
25 252.05755615234375
26 252.19862365722656
27 252.21551513671875
28 252.26788330078125
29 252.60592651367188
