0 220.8077850341797
1 223.61019897460938
2 223.9573211669922
3 226.20321655273438
4 227.52175903320312
5 229.710205078125
6 229.84326171875
7 230.30145263671875
8 230.53085327148438
9 232.14273071289062
10 233.37628173828125
11 234.35162353515625
12 234.70445251464844
13 234.86337280273438
14 234.9647216796875
15 235.96755981445312
16 236.34881591796875
17 236.3917694091797
18 236.48245239257812
19 236.98239135742188
20 237.11395263671875
21 237.13531494140625
22 237.9892578125
23 238.0760955810547
24 238.3072967529297
25 239.61618041992188
26 239.7928009033203
27 239.89065551757812
28 240.0816192626953
29 240.54458618164062
