0 203.80059814453125
1 218.9873504638672
2 234.76556396484375
3 234.97804260253906
4 235.19802856445312
5 237.49642944335938
6 237.98284912109375
7 238.2373504638672
8 240.21446228027344
9 241.85235595703125
10 242.64254760742188
11 243.84075927734375
12 245.8714599609375
13 246.58470153808594
14 247.01919555664062
15 247.61183166503906
16 247.6996612548828
17 248.41763305664062
18 248.50149536132812
19 248.61203002929688
20 250.73806762695312
21 253.564697265625
22 253.6211395263672
23 253.8734588623047
24 254.00790405273438
25 254.11123657226562
26 254.58575439453125
27 255.96353149414062
28 256.88201904296875
29 257.0119934082031
