0 196.366943359375
1 198.97633361816406
2 199.90725708007812
3 205.393798828125
4 205.64036560058594
5 206.24884033203125
6 207.58529663085938
7 207.79893493652344
8 207.82962036132812
9 209.35488891601562
10 210.40016174316406
11 212.24652099609375
12 212.32669067382812
13 213.8696746826172
14 215.14511108398438
15 215.6385955810547
16 217.28720092773438
17 217.67416381835938
18 218.9012908935547
19 219.70135498046875
20 220.116943359375
21 222.59860229492188
22 222.7528076171875
23 223.23924255371094
24 223.59542036840492
25 223.62342834472656
26 224.6507568359375
27 224.85452270507812
28 225.0592803955078
29 225.50790405273438
