0 207.02511596679688
1 216.67236328125
2 218.5478515625
3 223.72555541992188
4 226.3023223876953
5 232.19195556640625
6 232.70091247558594
7 233.53076171875
8 236.06436157226562
9 236.51004028320312
10 237.13473510742188
11 237.4712371826172
12 237.97901916503906
13 238.21800231933594
14 238.65208435058594
15 239.04757690429688
16 239.42013549804688
17 240.09136962890625
18 242.3143359063461
19 242.95539811511367
20 243.1589813232422
21 243.18589782714844
22 243.47312927246094
23 243.58267211914062
24 243.70816040039062
25 243.7962188720703
26 243.94525146484375
27 244.97817993164062
28 244.9910125732422
29 245.06640625
