0 194.63153076171875
1 201.4544677734375
2 202.07708740234375
3 202.353759765625
4 202.5023651123047
5 202.56378173828125
6 204.5682373046875
7 207.04598999023438
8 207.68301391601562
9 208.7857208251953
10 208.86538696289062
11 209.20028686523438
12 209.7444305419922
13 209.94668579101562
14 210.19992065429688
15 210.54397583007812
16 210.91510009765625
17 211.33187866210938
18 212.25840759277344
19 212.4795684814453
20 213.80288696289062
21 213.87928771972656
22 213.8821563720703
23 214.176025390625
24 214.76779174804688
25 214.93490600585938
26 216.4154510498047
27 216.43594360351562
28 216.70321655273438
29 217.39549255371094
