0 182.64190673828125
1 188.75650024414062
2 193.50428771972656
3 196.36746215820312
4 198.6198272705078
5 200.61749267578125
6 202.36647033691406
7 203.29684448242188
8 203.49118041992188
9 204.35049438476562
10 205.9263916015625
11 207.46581213849896
12 207.88217163085938
13 208.20477294921875
14 208.25225830078125
15 208.71392822265625
16 209.74859619140625
17 209.75746154785156
18 210.6199951171875
19 210.82687377929688
20 213.37062072753906
21 213.96751403808594
22 214.3538818359375
23 214.8490447998047
24 216.12161254882812
25 216.77783203125
26 216.86312866210938
27 217.3336181640625
28 217.33966064453125
29 217.65185546875
