0 188.8555145263672
1 220.82376098632812
2 222.93711853027344
3 224.15493774414062
4 230.1927947998047
5 234.210693359375
6 234.21836853027344
7 234.34756469726562
8 235.705078125
9 236.05780029296875
10 236.1697235107422
11 236.91563415527344
12 237.0612030029297
13 237.08865356445312
14 237.18760681152344
15 238.7124481201172
16 239.10302734375
17 240.2155303955078
18 241.222900390625
19 242.70761108398438
20 242.93649291992188
21 243.37176513671875
22 243.8524627685547
23 243.8944854736328
24 243.92501831054688
25 243.95265197753906
26 244.48060607910156
27 244.5618133544922
28 244.61329650878906
29 244.76419067382812
