0 233.5397186279297
1 235.8916015625
2 239.42617797851562
3 242.89498901367188
4 243.44451904296875
5 243.84457397460938
6 244.91566467285156
7 245.3046875
8 246.89404296875
9 247.15835571289062
10 247.20025634765625
11 247.86062622070312
12 248.7488250732422
13 249.29647827148438
14 249.35731506347656
15 249.88842017817808
16 251.96495056152344
17 252.25694274902344
18 252.51304626464844
19 252.55419921875
20 253.05242919921875
21 254.44688415527344
22 256.3355712890625
23 256.8021545410156
24 257.3164978027344
25 257.39752197265625
26 257.8175354003906
27 257.8504333496094
28 259.29974365234375
29 259.3230895996094
