0 185.2152099609375
1 195.87379455566406
2 196.670166015625
3 197.61929321289062
4 198.02490234375
5 198.12692260742188
6 202.712646484375
7 202.88092041015625
8 204.20095825195312
9 206.07708740234375
10 208.6131591796875
11 209.84982299804688
12 210.56602478027344
13 210.83169555664062
14 210.98910522460938
15 211.38143920898438
16 212.6253662109375
17 212.6740264892578
18 212.8200225830078
19 213.20352172851562
20 213.2816619873047
21 214.31788635253906
22 214.58770751953125
23 214.92247009277344
24 215.9376983642578
25 216.27809143066406
26 216.34573364257812
27 216.57879638671875
28 218.3553924560547
29 218.5059814453125
