0 231.26742553710938
1 232.0831298828125
2 232.92376708984375
3 233.74253845214844
4 233.77426147460938
5 235.15386962890625
6 236.05007934570312
7 236.43130493164062
8 238.00839233398438
9 242.0831756591797
10 242.72671508789062
11 244.36805725097656
12 246.69692993164062
13 246.82745361328125
14 246.9159393310547
15 247.13816833496094
16 247.52447509765625
17 247.8421630859375
18 248.24868774414062
19 249.235595703125
20 249.4603271484375
21 250.38253784179688
22 250.9030303955078
23 250.9662322998047
24 251.88870239257812
25 251.91165161132812
26 251.92807006835938
27 252.35308837890625
28 252.4115753173828
29 252.418212890625
