1 330.0421936035156
2 264.3942138671875
3 275.5356201171875
4 325.11920166015625
5 277.8465942382812
7 292.6282531738281
8 311.6837890625
9 310.8584838867188
10 297.2978088378906
11 275.2098327636719
12 261.6503936767578
13 325.7124755859375
14 281.4220886230469
15 288.28484497070315
16 283.0331176757812
17 263.8607604980469
18 324.60943603515625
19 296.14585571289064
20 330.6382568359375
21 273.7871124267578
22 283.218701171875
23 294.0371520996094
24 296.9454345703125
25 296.01011352539064
26 323.09755249023436
28 268.2668212890625
29 295.1125
30 270.2662017822266
31 324.6361938476563
32 261.9718994140625
33 291.5788269042969
34 289.7677795410156
35 285.2042236328125
36 270.36008911132814
37 289.0562774658203
38 275.9703002929688
39 271.112158203125
40 283.934423828125
41 272.4674499511719
42 296.5989196777344
43 323.81824951171876
44 332.1191772460937
45 284.49815673828124
46 289.4978881835938
47 229.6934387207031
48 226.99424438476564
49 272.2055419921875
50 276.86414794921876
51 306.077490234375
52 347.62770385742186
53 327.5342651367188
54 258.5790191650391
55 292.3396484375
56 283.9535278320312
57 329.8089660644531
58 258.8502685546875
59 301.9222473144531
60 330.95050048828125
61 313.10894775390625
62 295.64439697265624
63 301.5091491699219
64 314.91904296875
65 280.73192443847654
66 273.45924682617186
67 304.1551818847656
68 264.195361328125
69 337.1481140136719
70 280.6336608886719
71 321.5306396484375
72 323.3865661621094
73 280.6507080078125
74 277.07578735351564
75 320.3270263671875
76 320.142431640625
77 301.777490234375
78 346.9898620605469
79 316.933203125
80 299.72255249023436
81 297.1113708496094
82 261.4932861328125
83 279.0386962890625
84 258.21494750976564
85 331.95069580078126
86 279.89666748046875
87 282.46880493164065
88 305.2171273053099
89 323.36423950195314
90 300.5695861816406
92 284.6960754394531
93 311.15528564453126
94 287.3795471191406
95 258.68946838378906
96 276.87059326171874
