0 181.2568359375
1 187.2371826171875
2 195.21694946289062
3 196.39651489257812
4 199.67564392089844
5 202.42263793945312
6 202.96841587000569
7 203.6612548828125
8 203.91372680664062
9 203.93829345703125
10 205.0220184326172
11 205.17041015625
12 205.406982421875
13 205.77598571777344
14 206.93072509765625
15 207.7039794921875
16 207.84811401367188
17 207.96548461914062
18 208.61209106445312
19 209.9575653076172
20 210.00494384765625
21 210.1436309814453
22 210.39776669804698
23 210.8724822998047
24 210.89425659179688
25 211.07225036621094
26 211.1383056640625
27 211.21408081054688
28 211.34078979492188
29 211.47296142578125
