0 191.736572265625
1 193.019287109375
2 193.2832489013672
3 195.45947265625
4 198.69032287597656
5 199.85020446777344
6 201.15953063964844
7 202.04490661621094
8 202.55419921875
9 202.72714233398438
10 203.55609130859375
11 205.24700927734375
12 206.29782104492188
13 207.6839599609375
14 208.25071716308594
15 210.70582580566406
16 210.99256896972656
17 211.21878051757812
18 211.31272888183594
19 211.7274169921875
20 212.70530700683594
21 212.98916625976562
22 213.28585815429688
23 213.30255126953125
24 213.39651489257812
25 213.6651611328125
26 213.89752197265625
27 214.00071716308594
28 214.1080322265625
29 214.17906188964844
