0 206.41445922851562
1 212.91770935058594
2 214.81747436523438
3 220.41371154785156
4 223.613525390625
5 224.7371063232422
6 227.72312927246094
7 229.38525390625
8 229.41456604003906
9 231.01455688476562
10 234.80935668945312
11 235.69729614257812
12 238.6104278564453
13 238.8688507080078
14 239.12010192871094
15 239.13124084472656
16 240.0053253173828
17 240.28250122070312
18 241.36416625976562
19 241.83868408203125
20 242.386056318746
21 242.8636932373047
22 243.25025939941406
23 243.37783813476562
24 244.26553344726562
25 244.92874145507812
26 245.2217254638672
27 245.45071411132812
28 245.6093292236328
29 245.943359375
