0 203.2810821533203
1 209.35379028320312
2 221.22625732421875
3 235.8061981201172
4 237.49583435058594
5 244.4122772216797
6 245.57162475585938
7 246.19827270507812
8 247.17567443847656
9 248.09988403320312
10 248.45492553710938
11 249.10720825195312
12 249.4375762939453
13 250.1872100830078
14 250.7776336669922
15 250.8280029296875
16 251.92449951171875
17 252.43280029296875
18 252.82769775390625
19 253.2169189453125
20 253.248046875
21 253.31790161132812
22 253.75982666015625
23 255.42785769461295
24 256.2112731933594
25 258.07391357421875
26 258.2782897949219
27 258.4169616699219
28 259.0685119628906
29 259.21064302620204
