0 204.4723358154297
1 216.26361083984375
2 217.38287353515625
3 218.05853271484375
4 221.01222229003906
5 223.41893005371094
6 224.63729858398438
7 225.05735778808594
8 225.24725341796875
9 225.9583282470703
10 226.1344757080078
11 226.3551025390625
12 226.92529296875
13 227.82073974609375
14 228.31285095214844
15 229.49871826171875
16 229.8263397216797
17 230.7198944091797
18 231.12936401367188
19 231.2488555908203
20 231.6297607421875
21 232.58169555664062
22 232.8607635498047
23 232.87860107421875
24 233.54763793945312
25 233.60276794433594
26 234.0255126953125
27 234.99588012695312
28 235.38796997070312
29 235.7606658935547
