0 198.57627868652344
1 212.81405639648438
2 214.33322143554688
3 217.27935791015625
4 217.94296264648438
5 219.85157775878906
6 219.87127685546875
7 220.28225708007812
8 221.7435302734375
9 222.78302001953125
10 223.56488037109375
11 224.9098663330078
12 225.3325653076172
13 226.53851318359375
14 237.82052612304688
15 247.16297912597656
16 248.10568237304688
17 249.54815673828125
18 249.97836303710938
19 251.7113800048828
20 252.18903537872663
21 252.26025390625
22 252.52484130859375
23 252.57086181640625
24 253.37298583984375
25 254.70556640625
26 254.864013671875
27 255.66610717773438
28 255.83081964150418
29 256.1136474609375
