0 147.4569091796875
1 148.98509216308594
2 149.361572265625
3 152.25833129882812
4 153.3546142578125
5 154.9893341064453
6 155.130126953125
7 157.53237915039062
8 157.55862426757812
9 158.75140380859375
10 159.9250030517578
11 160.56097412109375
12 161.57481384277344
13 161.9586181640625
14 163.09371948242188
15 164.3878173828125
16 165.52703857421875
17 166.97476196289062
18 167.43515014648438
19 167.73887634277344
20 169.91656494140625
21 170.13267517089844
22 170.63778686523438
23 171.17283630371094
24 171.64280700683594
25 172.4969482421875
26 175.173828125
27 176.6396942138672
28 176.81959533691406
29 177.49453735351562
