0 216.39451599121094
1 223.060302734375
2 237.29478454589844
3 240.48455810546875
4 241.86679077148438
5 243.5859832763672
6 245.420654296875
7 247.17709350585938
8 248.46875
9 248.51419067382812
10 249.01571655273438
11 249.1092529296875
12 249.63186645507812
13 250.06085205078125
14 250.94485473632812
15 251.14584350585938
16 251.43386840820312
17 251.47618103027344
18 251.6564178466797
19 252.15322875976562
20 252.27210998535156
21 252.65476989746094
22 255.9451904296875
23 256.1286926269531
24 256.34747314453125
25 257.42401123046875
26 257.5948486328125
27 258.2281494140625
28 258.2803039550781
29 260.1759948730469
