0 199.386046381088
1 211.48037719726562
2 217.21337890625
3 219.88218688964844
4 220.4120635986328
5 221.40792846679688
6 223.693115234375
7 225.24993896484375
8 225.6664276123047
9 226.15438842773438
10 226.88699340820312
11 228.80426025390625
12 229.02503967285156
13 229.26161193847656
14 229.45602416992188
15 229.80026245117188
16 230.41986083984375
17 230.57455444335938
18 230.705322265625
19 230.90855407714844
20 231.3247528076172
21 231.55023193359375
22 231.7827606201172
23 232.4248046875
24 232.5960693359375
25 232.9690399169922
26 233.3372802734375
27 233.3599395751953
28 233.84161376953125
29 234.0322723388672
