0 178.3021240234375
1 179.42347717285156
2 181.26536560058594
3 181.3738555908203
4 182.79507446289062
5 186.06881713867188
6 186.40281677246094
7 187.02011108398438
8 187.47230529785156
9 187.5000762939453
10 188.08871459960938
11 188.38885498046875
12 189.04869079589844
13 190.35330200195312
14 190.6820526123047
15 191.14047241210938
16 191.16860961914062
17 191.23605346679688
18 191.28884887695312
19 191.3330078125
20 191.37989807128906
21 191.68202209472656
22 191.8441162109375
23 191.87124633789062
24 192.34130859375
25 193.52426147460938
26 193.78878784179688
27 194.3016357421875
28 194.68870544433594
29 194.97763061523438
