0 208.86990356445312
1 227.13278198242188
2 228.58018493652344
3 229.0957794189453
4 232.44679260253906
5 232.75936889648438
6 233.56256103515625
7 234.79974365234375
8 235.70913696289062
9 235.74627685546875
10 236.07745361328125
11 236.70152282714844
12 237.73004150390625
13 237.99639892578125
14 238.2279510498047
15 238.94952392578125
16 239.42587280273438
17 239.90765380859375
18 240.03282165527344
19 240.44558715820312
20 240.59642028808594
21 240.7505645751953
22 241.09930419921875
23 241.49398803710938
24 241.63330078125
25 241.7112274169922
26 241.82322692871094
27 241.89186096191406
28 242.41998291015625
29 242.63876342773438
