0 187.9790496826172
1 190.2224884033203
2 191.31439208984375
3 192.98133850097656
4 193.78973388671875
5 193.9755859375
6 194.33966064453125
7 195.8084259033203
8 196.12318420410156
9 196.25558471679688
10 196.36019897460938
11 196.40496826171875
12 196.48216247558594
13 196.86984252929688
14 197.9563751220703
15 198.236328125
16 198.23861694335938
17 198.38442993164062
18 198.412109375
19 198.72970581054688
20 198.73861694335938
21 199.1750946044922
22 199.28021240234375
23 199.39517211914062
24 199.45779418945312
25 199.76072692871094
26 200.00064086914062
27 200.0635986328125
28 200.31344604492188
29 200.35513305664062
