0 167.9940185546875
1 168.23330688476562
2 178.11251831054688
3 185.1394805908203
4 202.55438232421875
5 205.05177307128906
6 205.05813598632812
7 205.79617309570312
8 206.87664794921875
9 207.11282348632812
10 207.2618865966797
11 207.27230834960938
12 207.82196044921875
13 209.9836883544922
14 211.0215606689453
15 211.97296142578125
16 212.3743133544922
17 212.71559143066406
18 212.8947296142578
19 213.05093383789062
20 214.18624877929688
21 214.99639892578125
22 215.86279296875
23 216.30995178222656
24 216.42990112304688
25 216.45974731445312
26 217.25254821777344
27 217.663330078125
28 218.3260955810547
29 218.7242889404297
