0 227.07476806640625
1 228.26113891601562
2 228.63687133789062
3 230.02523803710938
4 231.51229858398438
5 231.99205017089844
6 232.0468292236328
7 233.87181091308594
8 233.9493865966797
9 234.54180908203125
10 235.65423240424838
11 235.6582794189453
12 236.34173583984375
13 236.59298706054688
14 237.28558349609375
15 237.40139770507812
16 237.87338256835938
17 238.45138549804688
18 238.93150329589844
19 239.07778930664062
20 239.8230743408203
21 239.86007690429688
22 240.0023193359375
23 240.50631713867188
24 240.65061950683594
25 240.65061950683594
26 241.33169555664062
27 241.5931396484375
28 241.82472229003906
29 241.9302520751953
