0 199.6336669921875
1 202.09178161621094
2 202.55441284179688
3 203.13172912597656
4 208.08448791503906
5 209.5815887451172
6 210.4408721923828
7 212.68565368652344
8 212.85137939453125
9 214.1899871826172
10 215.6673583984375
11 217.37832641601562
12 219.2556610107422
13 220.06256103515625
14 224.46578979492188
15 225.17532348632812
16 225.62197875976562
17 226.02047729492188
18 227.3442840576172
19 227.5654296875
20 227.74575805664062
21 228.98837280273438
22 229.56027221679688
23 231.07862854003906
24 231.59754943847656
25 231.75228881835938
26 233.00320434570312
27 233.72970581054688
28 234.66229248046875
29 235.810791015625
