0 232.960205078125
1 233.92568969726562
2 240.13027954101562
3 241.70053100585938
4 241.73480224609375
5 242.00918579101562
6 242.4125518798828
7 244.5860137939453
8 244.8233184814453
9 245.76339094191482
10 246.50262451171875
11 246.82504272460938
12 246.9796600341797
13 248.43954467773438
14 249.06944274902344
15 252.39532470703125
16 253.17672729492188
17 253.2018280029297
18 253.21060180664062
19 253.3985137939453
20 253.4053955078125
21 253.5355682373047
22 254.91749572753906
23 256.3100280761719
24 256.566162109375
25 256.584716796875
26 256.59918212890625
27 257.8653564453125
28 258.97113037109375
29 259.7574157714844
