0 195.177978515625
1 206.26040649414062
2 208.61305236816406
3 216.08544921875
4 218.27883911132812
5 220.47450256347656
6 220.5341796875
7 222.34133911132812
8 224.5937957763672
9 225.09954833984375
10 226.80416870117188
11 227.09124755859375
12 228.02044677734375
13 228.47732543945312
14 229.4252166748047
15 230.57199096679688
16 231.14361572265625
17 232.8052978515625
18 233.11854553222656
19 233.42205810546875
20 233.67465209960938
21 234.14056396484375
22 234.18893432617188
23 234.27035522460938
24 234.87399291992188
25 235.12100219726562
26 235.1619873046875
27 235.22145080566406
28 235.34678649902344
29 235.50474548339844
