0 188.8255157470703
1 189.43267822265625
2 207.10714721679688
3 208.00277709960938
4 208.72323608398438
5 209.956298828125
6 211.51943969726562
7 212.568603515625
8 213.10377502441406
9 217.6384735107422
10 217.73062133789062
11 217.81309509277344
12 218.2521514892578
13 219.5082550048828
14 220.60271749957457
15 221.5465087890625
16 221.7633056640625
17 222.09463500976562
18 222.31187438964844
19 224.19943237304688
20 225.2235107421875
21 225.85317993164062
22 226.53717041015625
23 226.58831787109375
24 226.79449462890625
25 228.29983520507812
26 228.3612060546875
27 229.57708740234375
28 229.78945922851562
29 230.46466064453125
