0 188.56271362304688
1 205.02847290039062
2 207.36309814453125
3 213.59463500976562
4 214.42221069335938
5 218.66966247558594
6 218.9824981689453
7 222.4800262451172
8 223.8592987060547
9 224.5537567138672
10 225.05215454101562
11 225.89492797851562
12 226.5731201171875
13 228.13040161132812
14 229.00015258789062
15 230.0169219970703
16 230.64218139648438
17 231.1494140625
18 231.86074829101562
19 232.41749572753906
20 232.6717529296875
21 233.19366455078125
22 233.19857788085938
23 233.2142333984375
24 233.52450561523438
25 234.01687622070312
26 234.39401245117188
27 234.77391052246094
28 234.84024047851562
29 235.02910142351092
