0 184.09002685546875
1 195.5785369873047
2 197.0721435546875
3 197.6259765625
4 209.12750244140625
5 211.18328857421875
6 212.35525512695312
7 212.58139054439937
8 213.84133911132812
9 214.1936492919922
10 215.5684356689453
11 216.32913208007812
12 218.51437377929688
13 219.6790008544922
14 219.7750244140625
15 219.7877655029297
16 219.93824768066406
17 221.354736328125
18 221.50396728515625
19 221.88560485839844
20 221.91209411621094
21 222.09124755859375
22 222.4091796875
23 224.22186279296875
24 224.4591064453125
25 225.3598175048828
26 225.5177001953125
27 226.34841918945312
28 228.18003845214844
29 228.18588256835938
