0 191.95936584472656
1 195.8558349609375
2 200.09722900390625
3 203.23672485351562
4 203.8284912109375
5 204.2230224609375
6 204.89328002929688
7 208.0600128173828
8 208.13858032226562
9 208.95166015625
10 209.02601623535156
11 211.87400817871094
12 212.1021270751953
13 212.6219482421875
14 213.07826232910156
15 213.6675567626953
16 214.07952880859375
17 214.6573944091797
18 215.09320068359375
19 215.8932647705078
20 215.90174865722656
21 215.9150848388672
22 216.28744506835938
23 216.76719665527344
24 216.7837677001953
25 217.09991455078125
26 217.18057250976562
27 217.33322143554688
28 217.711181640625
29 218.02439880371094
