0 213.8688201904297
1 217.1422119140625
2 220.57948303222656
3 222.01475524902344
4 223.2942657470703
5 224.6391143798828
6 224.7431640625
7 226.59841918945312
8 227.19627380371094
9 228.07180786132812
10 228.81649780273438
11 229.30584716796875
12 229.714111328125
13 230.6734161376953
14 231.44903564453125
15 233.03778076171875
16 233.45135498046875
17 233.90908813476562
18 234.0902862548828
19 234.229248046875
20 234.813232421875
21 234.8199462890625
22 235.517822265625
23 236.50741577148438
24 236.5198211669922
25 236.74929809570312
26 237.18325805664062
27 237.25221252441406
28 237.72259521484375
29 239.36007690429688
