0 227.77935791015625
1 244.03005981445312
2 247.57705688476562
3 248.48670959472656
4 248.8984555589698
5 250.25303649902344
6 250.9266357421875
7 250.97640991210938
8 251.8985595703125
9 252.48013305664062
10 253.19552612304688
11 253.25729370117188
12 253.55227661132812
13 253.9476776123047
14 254.47711181640625
15 254.61965942382812
16 254.98519897460938
17 255.74481201171875
18 256.9446105957031
19 257.29302978515625
20 258.43316650390625
21 258.46453857421875
22 258.78375244140625
23 259.3137512207031
24 259.6048889160156
25 259.98126220703125
26 260.40350341796875
27 260.44677734375
28 260.56988525390625
29 260.6722412109375
