0 199.86932373046875
1 199.93215942382812
2 201.804443359375
3 203.0855712890625
4 206.80519104003906
5 212.18692016601562
6 214.418212890625
7 215.93019104003906
8 219.47482299804688
9 220.2953338623047
10 221.2303924560547
11 222.31314086914062
12 222.75563049316406
13 223.264404296875
14 223.9783935546875
15 224.59664916992188
16 224.59927368164062
17 225.76646423339844
18 226.14198303222656
19 228.27432250976562
20 228.9226837158203
21 230.01251220703125
22 230.11514282226562
23 230.3202362060547
24 230.61036682128906
25 230.97616210291952
26 231.6737518310547
27 232.3428497314453
28 232.68515014648438
29 232.95822143554688
