0 182.41563415527344
1 187.98492431640625
2 189.0053253173828
3 190.36668395996094
4 190.81211853027344
5 190.88369750976562
6 190.89715576171875
7 190.94761657714844
8 191.2406005859375
9 191.30873107910156
10 192.45745849609375
11 192.5773162841797
12 192.6943817138672
13 192.83953857421875
14 194.0206756591797
15 194.21435546875
16 195.0225067138672
17 195.0242919921875
18 195.34140014648438
19 195.76461791992188
20 195.8668670654297
21 195.89710998535156
22 196.01458740234375
23 196.9062042236328
24 197.30445861816406
25 197.5054473876953
26 198.14053344726562
27 198.59861755371094
28 198.6322784423828
29 198.95065307617188
