0 207.9345703125
1 220.91119384765625
2 222.052734375
3 223.04360961914062
4 223.6508026123047
5 223.94515991210938
6 223.961669921875
7 225.99884033203125
8 226.1121063232422
9 226.78134155273438
10 227.83737182617188
11 228.01022338867188
12 228.50746154785156
13 228.651611328125
14 229.88894653320312
15 229.916015625
16 230.69764709472656
17 231.74078369140625
18 231.99652099609375
19 233.09487915039062
20 233.8232879638672
21 233.8695526123047
22 234.3321075439453
23 234.57745361328125
24 235.59988403320312
25 235.67257690429688
26 235.75978088378906
27 236.02783203125
28 236.7086639404297
29 236.82359313964844
