0 220.2261962890625
1 232.6988525390625
2 232.94422912597656
3 233.31228637695312
4 237.3553924560547
5 239.1238555908203
6 240.12353515625
7 241.9883270263672
8 242.742919921875
9 242.78759765625
10 244.9444122314453
11 245.10153198242188
12 245.49295043945312
13 245.59205627441406
14 246.5171661376953
15 246.8213653564453
16 247.14315795898438
17 247.46739196777344
18 247.77658081054688
19 248.08332407805133
20 248.33480834960938
21 248.35369873046875
22 248.705078125
23 248.76707458496094
24 249.05599975585938
25 249.08532952690587
26 249.3056640625
27 249.59793090820312
28 250.87075805664062
29 251.0001983642578
