0 199.73599243164062
1 204.47198486328125
2 206.40036010742188
3 207.18167114257812
4 210.5486602783203
5 211.29415893554688
6 212.63804626464844
7 212.71807861328125
8 212.99400329589844
9 213.28993225097656
10 214.17491149902344
11 214.68460083007812
12 214.76670837402344
13 215.16465759277344
14 215.58969116210938
15 217.17926025390625
16 218.83912658691406
17 219.2275848388672
18 219.50198364257812
19 219.85995483398438
20 220.12957763671875
21 221.21530151367188
22 221.44302368164062
23 221.66940307617188
24 221.68411254882812
25 221.75491333007812
26 221.83302307128906
27 221.85218811035156
28 221.88592529296875
29 222.54896545410156
