0 165.2084503173828
1 165.81057739257812
2 166.00021362304688
3 172.63824462890625
4 175.0869598388672
5 175.1660919189453
6 175.77769470214844
7 176.37399291992188
8 177.8035430908203
9 178.00025939941406
10 179.98939514160156
11 180.02346801757812
12 180.18783569335938
13 181.72299194335938
14 181.80410766601562
15 181.97018432617188
16 182.89208984375
17 183.15621948242188
18 183.3095703125
19 183.3974151611328
20 185.0344696044922
21 185.18252563476562
22 185.7183074951172
23 186.0926971435547
24 186.09854125976562
25 186.8987579345703
26 187.0030517578125
27 187.11190795898438
28 187.1157684326172
29 187.2953643798828
