0 218.0677490234375
1 223.15570068359375
2 225.11325073242188
3 225.2681427001953
4 225.77398681640625
5 232.5933380126953
6 233.3292236328125
7 233.73788452148438
8 234.30194091796875
9 235.22860717773438
10 235.52197265625
11 235.79751586914062
12 236.00192260742188
13 236.06845092773438
14 236.8429412841797
15 237.676025390625
16 238.39064025878906
17 239.760498046875
18 239.760498046875
19 240.1425323486328
20 240.4274139404297
21 242.12818908691406
22 242.15623474121094
23 242.16000366210938
24 242.2833251953125
25 242.53668212890625
26 242.62705993652344
27 242.94351196289062
28 242.96774291992188
29 243.18878173828125
