0 219.39825439453125
1 229.63119506835938
2 241.75587463378906
3 246.2640838623047
4 246.73696899414062
5 246.9371337890625
6 252.74098205566406
7 252.78823852539062
8 253.9133758544922
9 256.6924743652344
10 257.64569091796875
11 257.8196105957031
12 258.3024597167969
13 258.4271078359415
14 258.5472412109375
15 259.2229309082031
16 259.5606689453125
17 259.6811828613281
18 259.95184326171875
19 260.50189208984375
20 260.7851257324219
21 260.9311218261719
22 261.88275146484375
23 262.08575439453125
24 262.204345703125
25 262.98443603515625
26 264.3868103027344
27 264.69989013671875
28 266.1879577636719
29 266.53515625
