0 200.20663452148438
1 216.6188201904297
2 220.66082763671875
3 225.24049377441406
4 225.6488037109375
5 226.5714569091797
6 227.65774536132812
7 228.29994201660156
8 229.93069458007812
9 230.32635498046875
10 233.01150512695312
11 233.85899353027344
12 234.24494084170593
13 235.15988159179688
14 235.1763916015625
15 236.44924926757812
16 238.30517578125
17 238.38009643554688
18 238.8076171875
19 240.58058166503906
20 242.62307739257812
21 242.94146728515625
22 243.13600158691406
23 243.2082061767578
24 243.55511474609375
25 243.78004455566406
26 243.84837341308594
27 245.28402709960938
28 245.3665771484375
29 245.7801971435547
