0 180.757080078125
1 191.85218811035156
2 201.9824981689453
3 205.05950927734375
4 207.46617126464844
5 210.4136505126953
6 210.83270263671875
7 210.93360900878906
8 212.1318359375
9 212.259521484375
10 212.42733764648438
11 212.67271423339844
12 212.81736755371094
13 213.6603546142578
14 214.79638671875
15 215.2415313720703
16 215.24607849121094
17 216.98416137695312
18 217.11373901367188
19 217.46820068359375
20 218.2655792236328
21 218.4129638671875
22 219.1129608154297
23 219.97900390625
24 220.60549926757812
25 221.18556213378906
26 221.27163696289062
27 221.55169677734375
28 222.0556640625
29 222.35702514648438
