0 210.68629455566406
1 211.0161895751953
2 213.58026123046875
3 213.69102478027344
4 214.34780883789062
5 214.79559326171875
6 216.004638671875
7 216.0205535888672
8 216.10379028320312
9 217.93447875976562
10 218.57046508789062
11 218.98904418945312
12 220.6297607421875
13 221.07015991210938
14 221.36351013183594
15 221.46348571777344
16 221.801113878485
17 222.458984375
18 222.8731689453125
19 223.2412109375
20 223.89093017578125
21 224.07647705078125
22 224.09487915039062
23 224.22840881347656
24 225.29214477539062
25 225.36569213867188
26 225.41497802734375
27 225.76385498046875
28 225.93637084960938
29 226.20181274414062
