0 203.62051391601562
1 207.5720672607422
2 208.16424560546875
3 209.08303833007812
4 210.06979370117188
5 211.92156982421875
6 212.0658721923828
7 213.80422973632812
8 214.46835327148438
9 214.54969787597656
10 215.29092407226562
11 215.8828125
12 216.4730682373047
13 217.19985961914062
14 217.6239013671875
15 217.7071990966797
16 218.8242645263672
17 220.22216796875
18 220.30682373046875
19 221.0521240234375
20 221.0807342529297
21 221.12379455566406
22 221.51483154296875
23 221.5308837890625
24 222.00656127929688
25 222.7071077116181
26 223.7088623046875
27 224.4532470703125
28 224.87969970703125
29 225.0684051513672
