0 198.8807373046875
1 199.93186950683594
2 203.35777282714844
3 204.6596221923828
4 204.7088623046875
5 204.88633728027344
6 204.92584228515625
7 204.97412109375
8 205.73226928710938
9 205.88473510742188
10 205.97210693359375
11 206.27578735351562
12 206.3343048095703
13 206.80712890625
14 207.08035278320312
15 207.17442321777344
16 207.35147094726562
17 208.09088134765625
18 208.11956787109375
19 208.32049560546875
20 208.56634521484375
21 208.5772705078125
22 208.8771209716797
23 208.93240356445312
24 209.1322479248047
25 209.26040649414062
26 209.4111328125
27 209.4151153564453
28 209.575927734375
29 209.84097290039062
