0 189.19296264648438
1 192.2510223388672
2 193.2359619140625
3 195.94757080078125
4 200.19442749023438
5 202.92965698242188
6 207.77774047851562
7 209.09188842773438
8 210.1627655029297
9 210.22982788085938
10 210.9515838623047
11 211.31613159179688
12 211.93997192382812
13 212.9590606689453
14 213.46987915039062
15 213.7386474609375
16 214.02764892578125
17 214.42774963378906
18 214.4737548828125
19 215.28329467773438
20 215.57615580833797
21 215.6304931640625
22 215.80300903320312
23 215.90464782714844
24 215.9697723388672
25 216.02099609375
26 217.2346954345703
27 217.46665954589844
28 217.62643432617188
29 217.93814086914062
