0 168.79412841796875
1 175.2532501220703
2 187.91067504882812
3 189.58465576171875
4 193.06076049804688
5 206.8000946044922
6 206.98583984375
7 209.5425262451172
8 209.9063720703125
9 210.14134216308594
10 210.23779296875
11 211.04928588867188
12 213.24362182617188
13 215.70361328125
14 219.09735107421875
15 219.23822021484375
16 220.3728790283203
17 220.38284301757812
18 220.54197692871094
19 225.61724853515625
20 227.08766174316406
21 229.35597229003906
22 231.17913818359375
23 231.7806396484375
24 231.82681274414062
25 231.947998046875
26 231.95974731445312
27 232.86953735351562
28 235.384765625
29 235.652099609375
