0 229.46998596191406
1 232.6879425048828
2 238.1090545654297
3 238.7974853515625
4 239.98114013671875
5 240.71893310546875
6 241.30831909179688
7 241.936279296875
8 243.1308135986328
9 244.31878662109375
10 244.47091674804688
11 245.06781005859375
12 245.3968505859375
13 245.57968139648438
14 245.65823364257812
15 245.811279296875
16 246.77767944335938
17 246.91751098632812
18 247.24270629882812
19 247.24270629882812
20 247.96116638183594
21 248.25393676757812
22 248.87571716308594
23 249.15579223632812
24 249.27593994140625
25 249.3057403564453
26 249.3553848414473
27 250.17822265625
28 250.9831085205078
29 251.21759033203125
