0 200.825439453125
1 209.29534912109375
2 210.20352172851562
3 212.1495361328125
4 214.068359375
5 218.24322509765625
6 218.6700897216797
7 218.68917846679688
8 225.4881134033203
9 226.9278564453125
10 229.32005310058594
11 229.4365997314453
12 230.8487548828125
13 232.5811004638672
14 232.74819946289062
15 233.2527313232422
16 234.18868347857824
17 236.35191345214844
18 237.62588500976562
19 237.68472290039062
20 238.75399780273438
21 239.20278930664062
22 239.2552490234375
23 239.42782592773438
24 239.69171142578125
25 239.93321228027344
26 240.27017211914062
27 240.5982666015625
28 240.6741943359375
29 240.76760864257812
