0 254.96737670898438
1 277.11822509765625
2 278.0936279296875
3 278.22228923387587
4 283.3360290527344
5 288.54608154296875
6 289.2979736328125
7 291.053955078125
8 292.064208984375
9 292.7387390136719
10 292.92681884765625
11 292.95806884765625
12 293.279052734375
13 294.5315246582031
14 294.9162292480469
15 295.3775329589844
16 295.7587890625
17 296.4510498046875
18 296.9378662109375
19 296.9468994140625
20 297.61773681640625
21 297.8177185058594
22 298.7141418457031
23 299.26995849609375
24 299.5979919433594
25 300.890625
26 301.1522216796875
27 301.55126953125
28 301.6640625
29 301.6864013671875
