0 198.77960205078125
1 199.1171875
2 202.66664123535156
3 202.7249755859375
4 203.315673828125
5 206.0887908935547
6 206.21498107910156
7 206.97012329101562
8 209.16493225097656
9 209.60470581054688
10 211.42906188964844
11 211.69615173339844
12 211.89898681640625
13 213.17214965820312
14 215.20199584960938
15 216.8656463623047
16 217.3857421875
17 219.68838500976562
18 220.94973754882812
19 221.60525512695312
20 222.04832458496094
21 222.3975830078125
22 222.68173217773438
23 222.7171173095703
24 222.74368286132812
25 223.94923400878906
26 224.0186004638672
27 224.58447265625
28 225.03109741210938
29 225.2740936279297
