0 193.96810913085938
1 206.45394897460938
2 207.11912536621094
3 209.6446533203125
4 210.05288696289062
5 214.89024353027344
6 215.15777587890625
7 215.9518280029297
8 216.02206420898438
9 216.11044311523438
10 217.56817626953125
11 218.3182830810547
12 218.91104125976562
13 219.21192932128906
14 219.30650329589844
15 219.6566619873047
16 219.87725830078125
17 219.9974822998047
18 220.15728759765625
19 220.45266723632812
20 220.59010314941406
21 220.63510131835938
22 220.68885803222656
23 221.5807342529297
24 221.71755981445312
25 221.962646484375
26 221.99139404296875
27 222.88507080078125
28 223.01829528808594
29 223.53799438476562
