0 248.2803192138672
1 248.3043975830078
2 254.97714233398438
3 258.9761047363281
4 259.7134094238281
5 263.0072021484375
6 263.2334899902344
7 263.69854736328125
8 264.552490234375
9 265.236572265625
10 265.6451416015625
11 265.6934814453125
12 267.8647766113281
13 268.76849365234375
14 269.06024169921875
15 269.6025390625
16 269.9167785644531
17 270.059326171875
18 270.0890808105469
19 270.3050231933594
20 270.7040710449219
21 271.1604919433594
22 271.6102600097656
23 271.6164245605469
24 272.2541198730469
25 272.4227294921875
26 273.1762390136719
27 273.6150817871094
28 273.80535888671875
29 274.1026916503906
