0 179.8838653564453
1 181.97805786132812
2 182.79708862304688
3 184.53334045410156
4 185.22238159179688
5 185.83473205566406
6 186.79129028320312
7 187.849609375
8 188.79844665527344
9 188.94033813476562
10 188.9687042236328
11 189.14251708984375
12 189.3490447998047
13 190.19027709960938
14 190.58792114257812
15 190.73934936523438
16 190.98011779785156
17 191.06182861328125
18 191.4007568359375
19 191.4372100830078
20 192.0634307861328
21 192.519775390625
22 192.68951416015625
23 192.79957580566406
24 193.2416534423828
25 193.9996795654297
26 194.02000427246094
27 194.4777374267578
28 194.7864990234375
29 194.82008361816406
