0 221.0961456298828
1 225.37606811523438
2 240.323486328125
3 241.12020874023438
4 242.76541137695312
5 245.2119598388672
6 248.73941040039062
7 250.23391723632812
8 251.58203125
9 251.5946502685547
10 252.79330444335938
11 253.13929748535156
12 257.0263366699219
13 257.5725402832031
14 257.6278381347656
15 258.44476318359375
16 258.90338134765625
17 260.10528564453125
18 260.53271484375
19 261.09576416015625
20 263.28448486328125
21 263.332275390625
22 263.3509216308594
23 264.0312194824219
24 264.036376953125
25 264.4284973144531
26 265.2192687988281
27 265.5533447265625
28 265.64349365234375
29 265.69427490234375
