0 225.4616241455078
1 227.22950744628906
2 227.46896362304688
3 230.77586364746094
4 231.5596466064453
5 236.32595825195312
6 238.29086303710938
7 242.3106689453125
8 242.5309600830078
9 242.7131805419922
10 243.31800842285156
11 243.50892639160156
12 244.91444396972656
13 245.91802978515625
14 246.27145385742188
15 247.52035522460938
16 248.8557891845703
17 249.8827362060547
18 249.8861846923828
19 250.39173981061722
20 250.53871154785156
21 251.47402954101562
22 251.50445556640625
23 251.63772583007812
24 251.73123168945312
25 252.23391723632812
26 252.39039611816406
27 252.52725219726562
28 252.81646728515625
29 253.1184539794922
