0 175.39993286132812
1 185.43382263183594
2 201.67132568359375
3 203.4263916015625
4 204.91293334960938
5 206.79388427734375
6 207.4901885986328
7 207.80787658691406
8 208.48727416992188
9 210.29901123046875
10 210.87364196777344
11 210.9833984375
12 211.2854766845703
13 211.7207489013672
14 212.05560302734375
15 214.23355102539062
16 214.68020629882812
17 216.28274536132812
18 216.51095581054688
19 217.20533909481605
20 217.21920776367188
21 217.38162231445312
22 217.50843811035156
23 218.36717224121094
24 218.5415802001953
25 218.78204345703125
26 218.79258728027344
27 219.0119171142578
28 219.21615600585938
29 219.44351196289062
