0 180.89263916015625
1 182.93978881835938
2 185.93275451660156
3 186.64846801757812
4 187.3826141357422
5 187.8065185546875
6 188.28407287597656
7 189.810546875
8 190.07179260253906
9 190.66091918945312
10 190.78683471679688
11 191.8623046875
12 192.2946319580078
13 192.46827697753906
14 192.80506896972656
15 192.94161987304688
16 193.50527954101562
17 193.6079559326172
18 193.87655639648438
19 193.9326171875
20 194.0985870361328
21 194.78968811035156
22 195.58029174804688
23 195.58029174804688
24 196.73780822753906
25 197.0437469482422
26 197.32476806640625
27 198.24765014648438
28 198.58453369140625
29 198.6029510498047
