0 210.94387817382812
1 212.51870727539062
2 213.12518310546875
3 214.47451782226562
4 214.48983764648438
5 218.03099060058594
6 218.25250244140625
7 218.8409423828125
8 222.03038024902344
9 223.17063903808594
10 224.89456176757812
11 225.8023681640625
12 225.86166381835938
13 225.980224609375
14 226.32984924316406
15 226.59356689453125
16 227.158447265625
17 227.73934936523438
18 228.498291015625
19 229.04458618164062
20 229.17620849609375
21 229.45433044433594
22 229.822509765625
23 230.3293914794922
24 230.36935424804688
25 231.43115234375
26 231.47491455078125
27 231.62249755859375
28 231.77647399902344
29 231.83436584472656
