0 223.69261169433594
1 234.1688995361328
2 234.606689453125
3 236.60165405273438
4 239.2260284423828
5 241.6734619140625
6 242.40322875976562
7 242.67135620117188
8 243.87979125976562
9 244.38937377929688
10 245.23350524902344
11 245.33277893066406
12 247.2633056640625
13 247.73031616210938
14 247.81106567382812
15 247.93873596191406
16 248.08648681640625
17 248.10006713867188
18 248.22091674804688
19 248.23524475097656
20 248.40089416503906
21 248.8572998046875
22 249.13809204101562
23 250.82134895629898
24 251.125
25 251.2677459716797
26 251.47354125976562
27 251.5819549560547
28 252.55661010742188
29 253.02374267578125
