0 165.8577423095703
1 176.67730712890625
2 179.2161407470703
3 179.54910278320312
4 182.46839904785156
5 182.74591064453125
6 185.1705780029297
7 188.75054931640625
8 191.74624633789062
9 192.48013305664062
10 192.80389404296875
11 196.3755832023484
12 196.45999145507812
13 197.09561157226562
14 198.29908752441406
15 198.66055297851562
16 198.8103485107422
17 198.82595825195312
18 199.57122802734375
19 199.7615509033203
20 200.13937377929688
21 201.00912475585938
22 201.2637176513672
23 201.5814208984375
24 201.77926635742188
25 201.77926635742188
26 201.819091796875
27 202.57986450195312
28 202.68618774414062
29 203.50035095214844
