0 209.19163513183594
1 213.67221069335938
2 215.2492218017578
3 221.23040410945043
4 222.412109375
5 222.54879760742188
6 225.11233520507812
7 226.358642578125
8 226.47128295898438
9 227.01220703125
10 227.61004638671875
11 227.63412475585938
12 227.68673706054688
13 227.9974822998047
14 228.90663146972656
15 229.07147216796875
16 229.3772430419922
17 230.01524353027344
18 230.88055419921875
19 231.1078643798828
20 231.324462890625
21 231.82131958007812
22 232.10446166992188
23 232.20127868652344
24 232.2226104736328
25 232.71522521972656
26 232.7193145751953
27 232.94749450683594
28 233.60812377929688
29 233.74383544921875
