0 176.52587890625
1 181.56419372558594
2 184.800537109375
3 185.20907592773438
4 187.12722778320312
5 188.55792236328125
6 188.64161682128906
7 190.91213989257812
8 191.59967041015625
9 193.9366455078125
10 196.4839324951172
11 196.5417022705078
12 197.24778747558594
13 197.81442260742188
14 198.10768127441406
15 198.50238037109375
16 198.51425170898438
17 198.78968811035156
18 199.25228881835938
19 199.94020080566406
20 200.1227264404297
21 200.6001739501953
22 202.09176635742188
23 202.87542724609375
24 203.14305114746094
25 203.85231018066406
26 203.86923217773438
27 203.86923217773438
28 203.95782470703125
29 204.16859436035156
