0 226.80917358398438
1 240.9916229248047
2 244.57733154296875
3 246.14833068847656
4 249.99461364746094
5 251.1263885498047
6 251.65147399902344
7 251.9327392578125
8 253.14993286132812
9 259.58837890625
10 260.29345703125
11 261.9130554199219
12 261.9760437011719
13 262.5721435546875
14 262.99468994140625
15 263.625732421875
16 264.07867431640625
17 264.59552001953125
18 264.794189453125
19 264.9815673828125
20 266.80548095703125
21 267.5318908691406
22 267.76019287109375
23 267.89593505859375
24 269.29095458984375
25 270.13140869140625
26 270.1767578125
27 270.382568359375
28 271.21685791015625
29 271.4595031738281
