0 201.404541015625
1 207.63485717773438
2 211.87551879882812
3 212.10511779785156
4 213.5862579345703
5 214.06390380859375
6 214.99160766601562
7 215.46661376953125
8 219.6512451171875
9 220.03750610351562
10 220.0507049560547
11 220.4906005859375
12 220.52548217773438
13 220.7265625
14 220.75546264648438
15 221.1489715576172
16 221.32815551757812
17 221.88027954101562
18 222.3389129638672
19 222.8855743408203
20 224.56710815429688
21 225.04832458496094
22 225.4364013671875
23 225.44644165039062
24 225.4495849609375
25 225.5181884765625
26 225.58856201171875
27 227.20664978027344
28 227.44680786132812
29 227.4544677734375
