0 224.3472442626953
1 225.30126953125
2 226.6663818359375
3 227.9765625
4 230.7505340576172
5 231.5911865234375
6 232.08831787109375
7 234.58773803710938
8 237.91650390625
9 239.64590454101562
10 240.35694885253906
11 241.97171020507812
12 244.03973388671875
13 244.56491088867188
14 245.2345733642578
15 246.2882080078125
16 246.93557739257812
17 248.5266876220703
18 248.74188232421875
19 249.7747802734375
20 251.26876831054688
21 251.4153289794922
22 252.166748046875
23 252.50930786132812
24 253.11996459960938
25 253.1581268310547
26 253.675048828125
27 254.43637084960938
28 254.86541748046875
29 255.20640563964844
