0 206.783203125
1 210.30975341796875
2 210.9010467529297
3 214.16635131835938
4 215.3922882080078
5 215.7982177734375
6 215.87232971191406
7 218.40390014648438
8 220.0614013671875
9 221.09414672851562
10 221.4775848388672
11 222.04708862304688
12 222.83399963378906
13 222.92654418945312
14 223.2177276611328
15 224.13980102539062
16 224.5202178955078
17 226.40475463867188
18 227.2595977783203
19 228.1157684326172
20 228.19586181640625
21 228.50944894273925
22 229.62001037597656
23 230.85203552246094
24 231.2408447265625
25 231.7246856689453
26 231.88943481445312
27 232.00772094726562
28 232.20626831054688
29 232.34483337402344
