0 203.2401580810547
1 215.8143310546875
2 220.3818817138672
3 220.73240661621094
4 224.63975524902344
5 226.403076171875
6 228.96556091308594
7 229.673095703125
8 233.6616973876953
9 233.77679443359375
10 234.4720001220703
11 235.27462768554688
12 237.51112365722656
13 238.81488037109375
14 238.8960723876953
15 239.0120086669922
16 241.02540588378906
17 241.22178649902344
18 242.17494201660156
19 243.8162841796875
20 244.69287109375
21 245.17767333984375
22 247.5491485595703
23 247.6213836669922
24 249.13687133789062
25 250.306396484375
26 251.0460968017578
27 251.68618774414062
28 251.80970764160156
29 251.82904052734375
