0 178.36257934570312
1 184.93032836914062
2 188.16998291015625
3 190.0666961669922
4 192.40472412109375
5 192.5941619873047
6 193.07164001464844
7 193.73013305664062
8 194.1654510498047
9 194.33543395996094
10 194.40313720703125
11 195.42092895507812
12 196.8865509033203
13 198.78860473632812
14 198.8531494140625
15 199.69549560546875
16 200.11659240722656
17 201.55813598632812
18 202.12306213378906
19 204.39451599121094
20 204.71461486816406
21 204.83596801757812
22 205.67507934570312
23 205.93252515684821
24 206.4106903076172
25 206.557373046875
26 207.489013671875
27 207.69993591308594
28 208.69996643066406
29 208.90577697753906
