0 178.31190490722656
1 185.85574340820312
2 186.07908630371094
3 186.45767211914062
4 187.15554809570312
5 187.6874542236328
6 190.73780822753906
7 190.90896606445312
8 191.9483642578125
9 192.91326904296875
10 193.01075744628906
11 193.29151916503906
12 193.99794006347656
13 194.0263214111328
14 194.09829711914062
15 194.23390197753906
16 194.28988647460938
17 194.82574462890625
18 194.82960510253906
19 194.9244384765625
20 195.1194305419922
21 195.31439208984375
22 195.68060302734375
23 195.70281982421875
24 195.79428100585938
25 195.94398498535156
26 195.97161865234375
27 196.24603271484375
28 196.42568969726562
29 196.4805450439453
