0 201.67103576660156
1 206.99688720703125
2 217.30482482910156
3 227.5514678955078
4 229.586669921875
5 229.6351318359375
6 230.24557495117188
7 235.11436462402344
8 236.0768585205078
9 236.8707275390625
10 237.0875701904297
11 238.4974365234375
12 238.607421875
13 238.7154541015625
14 239.20758056640625
15 239.4964141845703
16 240.81497192382812
17 241.17626953125
18 242.72528076171875
19 246.70248413085938
20 247.53070068359375
21 248.39813232421875
22 249.78311157226562
23 252.28506469726562
24 252.844482421875
25 253.13160705566406
26 253.1897430419922
27 253.84616088867188
28 254.3258056640625
29 254.40379333496094
