0 259.873046875
1 263.1557312011719
2 264.80316162109375
3 264.97552490234375
4 268.65289306640625
5 269.4806213378906
6 274.4154982854404
7 275.175537109375
8 276.0665588378906
9 277.3414611816406
10 278.2423095703125
11 281.2054138183594
12 281.47515869140625
13 283.45770263671875
14 285.3740234375
15 285.55560302734375
16 285.7741394042969
17 285.98822021484375
18 286.14324951171875
19 287.5704650878906
20 288.1971435546875
21 289.7716979980469
22 291.80596923828125
23 292.03448486328125
24 292.5469665527344
25 292.7359313964844
26 292.7544250488281
27 293.14410400390625
28 293.347412109375
29 293.3841552734375
