0 179.81005859375
1 185.59280395507812
2 185.90438842773438
3 186.50868225097656
4 187.80807495117188
5 189.0216522216797
6 189.98768615722656
7 190.54904174804688
8 190.70848609823625
9 191.64321899414062
10 192.9173126220703
11 193.54153442382812
12 193.60511779785156
13 193.8730926513672
14 194.34999084472656
15 195.2814483642578
16 195.9752197265625
17 195.98785400390625
18 197.03665161132812
19 197.0487060546875
20 197.3821563720703
21 197.3897247314453
22 197.54693603515625
23 197.59095764160156
24 197.90724182128906
25 198.5930938720703
26 198.91090393066406
27 199.0433349609375
28 199.04910278320312
29 199.04910278320312
