0 186.93316650390625
1 201.00076293945312
2 211.4434051513672
3 222.71400451660156
4 223.30078125
5 224.86001586914062
6 225.87657165527344
7 226.88531494140625
8 226.95108032226562
9 227.06634521484375
10 232.4864959716797
11 232.73416137695312
12 233.19912719726562
13 233.6151123046875
14 233.71163940429688
15 235.0869140625
16 235.61546325683594
17 237.3701171875
18 237.3763427734375
19 237.9345703125
20 238.2137451171875
21 238.57717895507812
22 239.3484344482422
23 239.459228515625
24 240.60260009765625
25 240.7020263671875
26 242.05397033691406
27 242.95510864257812
28 243.28639221191406
29 243.56454467773438
