0 227.1623992919922
1 229.95135498046875
2 231.12179565429688
3 231.84262084960938
4 234.44288635253906
5 235.92849731445312
6 237.49169921875
7 237.7967071533203
8 240.71192932128906
9 240.84658813476562
10 242.6899871826172
11 244.58456420898438
12 244.98593139648438
13 247.22308349609375
14 247.784912109375
15 248.14373779296875
16 248.53929138183594
17 248.67498779296875
18 248.69830322265625
19 248.82635498046875
20 248.88949584960938
21 249.62603759765625
22 249.65171813964844
23 249.7528076171875
24 250.2218780517578
25 250.2282257080078
26 250.33250427246094
27 250.43470764160156
28 250.5354766845703
29 250.53564453125
