0 210.2010955810547
1 215.18301391601562
2 223.86996459960938
3 225.34628295898438
4 228.88079833984375
5 230.84017944335938
6 231.01333618164062
7 231.29075622558594
8 232.1400146484375
9 233.95338439941406
10 234.2897491455078
11 235.98526000976562
12 236.08737182617188
13 236.27809143066406
14 237.53367614746094
15 237.63180541992188
16 238.7779541015625
17 239.2501983642578
18 239.2501983642578
19 239.25594565205694
20 239.94509887695312
21 240.30682373046875
22 240.6564178466797
23 240.73472595214844
24 241.35595703125
25 241.87416076660156
26 241.99545288085938
27 242.16751098632812
28 242.3675994873047
29 242.63848876953125
