0 200.55001831054688
1 227.6357421875
2 237.25025939941406
3 240.2253875732422
4 246.17938232421875
5 246.27845764160156
6 247.59092712402344
7 248.5816192626953
8 249.53021240234375
9 250.26004028320312
10 250.42404174804688
11 251.29339599609375
12 253.4813995361328
13 254.47438049316406
14 255.47280883789062
15 255.77801513671875
16 257.47076416015625
17 257.7091979980469
18 257.79681396484375
19 257.8486633300781
20 257.8852844238281
21 257.9787292480469
22 258.1663818359375
23 258.1697082519531
24 259.17437744140625
25 259.35931396484375
26 259.4840087890625
27 259.8524475097656
28 260.18023681640625
29 260.3384704589844
