0 238.01382446289062
1 246.05221557617188
2 253.7794647216797
3 256.6728820800781
4 261.3026123046875
5 262.87310791015625
6 263.0711364746094
7 266.7784118652344
8 267.7825622558594
9 268.81268310546875
10 270.4040832519531
11 270.5760498046875
12 270.709228515625
13 270.88128662109375
14 271.2922058105469
15 271.57843017578125
16 272.4537048339844
17 272.53326416015625
18 272.60284423828125
19 274.039794921875
20 274.5419921875
21 275.37396240234375
22 275.55511474609375
23 276.331298828125
24 276.47149658203125
25 276.6402587890625
26 276.96551513671875
27 277.2422180175781
28 277.3260498046875
29 277.54296875
