0 206.95492553710938
1 207.35887145996094
2 207.66104125976562
3 208.38287353515625
4 208.4215087890625
5 208.72012329101562
6 209.54800415039062
7 209.69973754882812
8 209.9586181640625
9 210.00872802734375
10 210.22824096679688
11 210.3376007080078
12 210.6873779296875
13 211.46981811523438
14 211.8507843017578
15 211.93612670898438
16 212.17359924316406
17 212.5370635986328
18 213.26463317871094
19 213.60479736328125
20 213.8203582763672
21 213.99789428710938
22 215.12252807617188
23 215.28904724121094
24 215.31439208984375
25 215.69781494140625
26 215.87001037597656
27 216.2112579345703
28 216.77688598632812
29 217.22933959960938
