0 181.23883056640625
1 186.28225708007812
2 187.742431640625
3 191.0070343017578
4 193.06973266601562
5 193.2696533203125
6 194.48751831054688
7 195.10208129882812
8 202.7096405029297
9 203.2044677734375
10 203.56150817871094
11 203.9203643798828
12 204.2335968017578
13 204.25408935546875
14 206.05519104003906
15 206.3905029296875
16 206.77316284179688
17 206.77359008789062
18 207.308349609375
19 207.4274139404297
20 209.0534210205078
21 209.9168701171875
22 210.3568572998047
23 210.4639892578125
24 211.56930541992188
25 211.896728515625
26 212.1748046875
27 213.29092407226562
28 213.66970825195312
29 215.1143798828125
