0 195.2643585205078
1 197.49545288085938
2 201.33270263671875
3 203.37506103515625
4 203.59579467773438
5 205.86720275878906
6 207.22470092773438
7 209.34503173828125
8 210.7439727783203
9 213.5067901611328
10 213.5162811279297
11 214.16668701171875
12 215.1592559814453
13 216.4404296875
14 217.6957550048828
15 217.8197784423828
16 218.58432006835938
17 218.8448486328125
18 221.07861328125
19 222.57742309570312
20 223.2098388671875
21 223.53868103027344
22 223.92396545410156
23 224.45655822753906
24 224.51608276367188
25 225.10824584960938
26 225.34152221679688
27 225.58131408691406
28 226.3030548095703
29 226.33950643621816
