0 204.35693359375
1 236.27700805664062
2 240.51956176757812
3 243.4966583251953
4 245.7622833251953
5 248.70108032226562
6 252.59532165527344
7 252.99716186523438
8 253.1507568359375
9 253.4668426513672
10 254.04739379882812
11 255.12322998046875
12 255.38113403320312
13 256.19537353515625
14 256.5169677734375
15 256.6354064941406
16 256.7833251953125
17 257.15533447265625
18 257.5860290527344
19 257.8040466308594
20 258.11517333984375
21 258.77386474609375
22 260.10858154296875
23 260.2041931152344
24 261.1246032714844
25 262.0511474609375
26 262.51123046875
27 262.78643798828125
28 262.81048583984375
29 262.8155517578125
