0 203.51133728027344
1 207.88015747070312
2 209.659423828125
3 213.56719970703125
4 223.3186492919922
5 223.48287963867188
6 225.78489685058594
7 226.67489624023438
8 230.57015991210938
9 233.05938720703125
10 234.2840576171875
11 239.98854064941406
12 242.42877197265625
13 242.56436157226562
14 244.79904174804688
15 246.28082275390625
16 246.8349609375
17 248.26837158203125
18 248.60736083984375
19 248.64019775390625
20 249.1507568359375
21 249.6151123046875
22 249.7674560546875
23 250.96180725097656
24 251.33944702148438
25 252.4984130859375
26 252.85769653320312
27 253.10693359375
28 253.29791259765625
29 254.3502655029297
