0 230.46499633789062
1 270.47698974609375
2 276.20074462890625
3 276.4422302246094
4 277.474609375
5 277.71307373046875
6 278.1452941894531
7 278.7901611328125
8 278.91766357421875
9 280.1451416015625
10 280.213623046875
11 281.2608337402344
12 281.9920959472656
13 281.9977111816406
14 282.0293884277344
15 282.9435119628906
16 283.0523681640625
17 283.3127746582031
18 284.1766662597656
19 284.5958557128906
20 285.0946350097656
21 285.2272644042969
22 285.5685729980469
23 285.9727783203125
24 286.0061340332031
25 286.3754577636719
26 286.6826477050781
27 286.9676818847656
28 287.2135925292969
29 287.2734069824219
