0 208.24908447265625
1 210.30758666992188
2 217.3494415283203
3 218.69869995117188
4 224.1966552734375
5 226.15374755859375
6 230.3521728515625
7 232.7139892578125
8 232.79745483398438
9 232.8265380859375
10 234.12078857421875
11 235.33116149902344
12 238.62060546875
13 240.00538635253906
14 240.49249267578125
15 240.49285888671875
16 240.53414916992188
17 241.627685546875
18 241.79380798339844
19 241.8927764892578
20 242.5261688232422
21 242.5891571044922
22 244.0372314453125
23 244.3677215576172
24 245.25070190429688
25 246.03623962402344
26 247.68524169921875
27 248.43356323242188
28 248.84823608398438
29 249.0865020751953
