0 206.37991333007812
1 207.5263671875
2 207.87872314453125
3 209.7607421875
4 209.82382798175598
5 209.8706817626953
6 211.37844848632812
7 212.21414184570312
8 212.43350219726562
9 213.49740600585938
10 213.82752990722656
11 214.22926330566406
12 214.80380249023438
13 214.85299682617188
14 214.99375915527344
15 215.17990112304688
16 215.81272888183594
17 215.9930419921875
18 216.41639709472656
19 217.07310485839844
20 217.111083984375
21 217.52667236328125
22 218.49276733398438
23 218.76040649414062
24 219.3950653076172
25 219.70449829101562
26 220.08700561523438
27 220.6034698486328
28 223.54495239257812
29 224.22750854492188
