0 216.79303265724784
1 227.1086883544922
2 227.3413848876953
3 229.45994567871094
4 231.1279754638672
5 233.8018035888672
6 234.76629638671875
7 235.34266662597656
8 240.12222290039062
9 240.6689453125
10 242.11569213867188
11 242.21876525878906
12 242.3243865966797
13 242.43971252441406
14 242.4571533203125
15 244.80001831054688
16 245.1237335205078
17 245.2471923828125
18 245.24794006347656
19 245.66464233398438
20 245.74588012695312
21 245.986328125
22 246.10153198242188
23 246.1793212890625
24 246.50572204589844
25 246.62440490722656
26 246.9232177734375
27 247.28208923339844
28 247.2967071533203
29 247.57180786132812
