0 174.5312957763672
1 188.12469482421875
2 189.61590576171875
3 190.09915161132812
4 191.58010864257812
5 192.89939880371094
6 197.30072021484375
7 197.67332458496094
8 200.36288452148438
9 203.88595581054688
10 204.25384521484375
11 204.31295776367188
12 205.3251953125
13 205.4633331298828
14 205.80184936523438
15 206.09640502929688
16 207.4819793701172
17 207.93978881835938
18 208.87733459472656
19 209.39234924316406
20 210.19174194335938
21 212.45376586914062
22 214.32337951660156
23 214.48495483398438
24 215.963623046875
25 217.63920559793033
26 217.7147674560547
27 219.23374938964844
28 219.26406860351562
29 219.8609619140625
