0 176.25083923339844
1 187.80015563964844
2 192.59347534179688
3 194.57058715820312
4 196.01504516601562
5 198.40487670898438
6 203.13201904296875
7 203.68345642089844
8 206.98446655273438
9 207.34861755371094
10 208.55052185058594
11 211.60914611816406
12 212.27622985839844
13 212.79736328125
14 213.61671447753906
15 213.68124389648438
16 213.95486450195312
17 214.32821655273438
18 215.0612335205078
19 215.16990661621094
20 215.631591796875
21 216.63534545898438
22 216.74484252929688
23 216.765625
24 217.33966064453125
25 217.37979125976562
26 217.5179443359375
27 217.84559631347656
28 218.07821655273438
29 218.43362015688777
