0 190.27053833007812
1 190.67291259765625
2 191.90814208984375
3 193.0269775390625
4 194.43702697753906
5 197.59341430664062
6 197.64794921875
7 198.09173583984375
8 198.34877014160156
9 198.5839385986328
10 198.9899139404297
11 199.28628540039062
12 199.3453369140625
13 199.56927490234375
14 200.12020874023438
15 201.1512451171875
16 201.1587058343555
17 201.2650146484375
18 201.49746704101562
19 201.55577087402344
20 201.6365509033203
21 201.7677001953125
22 201.85696411132812
23 202.1141357421875
24 202.3621368408203
25 202.40171813964844
26 202.52252197265625
27 202.6323699951172
28 202.8451690673828
29 203.05430603027344
