0 181.88967895507812
1 187.25436401367188
2 187.91290283203125
3 189.72830200195312
4 191.20225524902344
5 191.69638061523438
6 191.7576904296875
7 192.67449951171875
8 194.1626739501953
9 194.60092163085938
10 195.1959228515625
11 196.26919555664062
12 196.36627197265625
13 196.38583374023438
14 196.5533447265625
15 196.57919311523438
16 196.616943359375
17 196.616943359375
18 196.90432739257812
19 197.1894989013672
20 197.79620361328125
21 198.74810791015625
22 199.2118377685547
23 199.51565551757812
24 199.7034454345703
25 199.83811950683594
26 199.92324829101562
27 201.15455627441406
28 201.29852294921875
29 201.6770477294922
