0 166.8695831298828
1 175.1745147705078
2 177.90924072265625
3 178.63278198242188
4 178.75375366210938
5 179.142578125
6 179.26406860351562
7 179.8510284423828
8 179.9532928466797
9 179.98248291015625
10 180.83773803710938
11 181.05752563476562
12 181.63128662109375
13 182.39637756347656
14 183.05838012695312
15 183.11221313476562
16 183.18084716796875
17 183.567138671875
18 184.0480194091797
19 184.489501953125
20 184.79925537109375
21 185.611328125
22 185.8365020751953
23 185.9780731201172
24 186.3504638671875
25 186.42709350585938
26 186.9539031982422
27 187.0325469970703
28 187.10858154296875
29 187.68218994140625
