0 233.57086181640625
1 236.33132934570312
2 240.68667602539062
3 249.2106170654297
4 251.96908569335938
5 253.85096740722656
6 258.7598876953125
7 259.5218505859375
8 259.8046875
9 262.0167541503906
10 262.76422119140625
11 263.1311340332031
12 263.18365478515625
13 264.24273681640625
14 264.2607421875
15 267.9885559082031
16 268.43333525765996
17 268.4411315917969
18 268.6375427246094
19 269.2953186035156
20 272.048583984375
21 272.2606201171875
22 273.23046875
23 273.6374206542969
24 273.77362060546875
25 274.04168701171875
26 274.0594787597656
27 274.32403564453125
28 274.51092529296875
29 276.1553649902344
