0 144.61325073242188
1 150.66502380371094
2 155.39035034179688
3 169.59185791015625
4 183.501708984375
5 184.30947875976562
6 184.50308227539062
7 188.89492797851562
8 190.84381103515625
9 193.17648315429688
10 195.19107055664062
11 196.49642944335938
12 198.413330078125
13 199.71560668945312
14 199.925537109375
15 200.95018005371094
16 201.0387725830078
17 204.32086181640625
18 204.4414520263672
19 204.5784149169922
20 205.71295166015625
21 207.53521728515625
22 208.1509246826172
23 208.31265258789062
24 208.7648468017578
25 209.07986450195312
26 211.0401611328125
27 211.4425506591797
28 211.49388122558594
29 211.5143280029297
