0 237.19857788085938
1 239.43919372558594
2 245.1071319580078
3 252.6541290283203
4 256.07757568359375
5 256.60516357421875
6 256.6214599609375
7 259.9381408691406
8 262.2795715332031
9 265.4542541503906
10 266.9264221191406
11 266.9264221191406
12 268.0603332519531
13 268.6009216308594
14 269.1932678222656
15 269.56463623046875
16 271.35296630859375
17 271.43914794921875
18 271.7802734375
19 272.03887939453125
20 272.262451171875
21 272.7991943359375
22 273.40582275390625
23 273.85833740234375
24 274.02532958984375
25 274.0880432128906
26 274.61895751953125
27 276.2646789550781
28 277.43548583984375
29 277.66693115234375
