0 185.3179168701172
1 187.69119262695312
2 190.62734985351562
3 196.53810119628906
4 200.20004272460938
5 202.2765655517578
6 203.80938720703125
7 204.13514709472656
8 205.00942993164062
9 205.33956909179688
10 205.4059600830078
11 205.97686767578125
12 206.01324462890625
13 206.9168243408203
14 207.4468536376953
15 208.46060162287495
16 209.1734619140625
17 209.63238525390625
18 209.6974334716797
19 210.97825622558594
20 211.23928833007812
21 211.81858825683594
22 214.52122497558594
23 214.87680053710938
24 215.00535583496094
25 216.91514587402344
26 216.9903564453125
27 217.36968994140625
28 217.52780151367188
29 217.87594604492188
