0 222.449951171875
1 225.31033325195312
2 227.9045867919922
3 229.21621704101562
4 229.9217529296875
5 231.7707061767578
6 232.60092163085938
7 234.5155487060547
8 236.8597412109375
9 237.1876220703125
10 237.7896270751953
11 238.03961181640625
12 239.20681762695312
13 241.57485961914062
14 242.41098022460938
15 244.1891326904297
16 244.370361328125
17 244.59884643554688
18 244.67111206054688
19 244.86378479003906
20 244.89344787597656
21 245.30838012695312
22 245.5341033935547
23 246.47341918945312
24 247.02188110351562
25 247.0575714111328
26 247.50173950195312
27 247.6806640625
28 247.7123565673828
29 248.19894409179688
