0 197.29136657714844
1 206.908203125
2 208.22789001464844
3 213.72219848632812
4 214.67030334472656
5 217.34298706054688
6 218.15383911132812
7 218.57772827148438
8 220.0628662109375
9 220.32766723632812
10 220.55184936523438
11 221.39462280273438
12 221.48898315429688
13 223.58407592773438
14 225.60076904296875
15 226.24795532226562
16 226.8724822998047
17 229.0975799560547
18 229.17044701682266
19 231.2744635224781
20 231.35711669921875
21 231.4825439453125
22 232.01773071289062
23 232.453857421875
24 233.07928466796875
25 233.568603515625
26 234.35581970214844
27 235.55294799804688
28 236.36245727539062
29 236.66537475585938
