0 257.95416259765625
1 262.6262236295694
2 262.67974853515625
3 264.75665283203125
4 267.2784423828125
5 268.3193054199219
6 268.9527282714844
7 270.4725646972656
8 270.9534912109375
9 271.9293518066406
10 272.0806579589844
11 272.1470947265625
12 272.347900390625
13 272.50164794921875
14 272.9083557128906
15 273.281005859375
16 273.8365173339844
17 273.83689050079124
18 273.9652404785156
19 274.1340026855469
20 274.2293701171875
21 274.3817443847656
22 274.6432189941406
23 275.1090087890625
24 275.2406311035156
25 275.3454895019531
26 275.41162109375
27 276.3375244140625
28 276.6517639160156
29 276.7817687988281
