0 216.09744262695312
1 218.55697631835938
2 219.32342529296875
3 220.21519470214844
4 220.4398956298828
5 220.5859375
6 222.73873901367188
7 224.618896484375
8 225.186767578125
9 225.33685302734375
10 225.79049682617188
11 225.88162231445312
12 227.03451538085938
13 227.499755859375
14 227.81878662109375
15 229.037841796875
16 229.24197387695312
17 230.01321411132812
18 232.2433319091797
19 233.833740234375
20 234.00552368164062
21 234.1544189453125
22 234.15701293945312
23 234.72760009765625
24 234.84823608398438
25 235.3765411376953
26 235.53204345703125
27 235.8177490234375
28 236.23614501953125
29 236.43211364746094
