0 176.06439208984375
1 191.90330505371094
2 193.43136596679688
3 193.65005493164062
4 193.76675415039062
5 194.6384735107422
6 196.02536010742188
7 198.58718872070312
8 198.93463134765625
9 199.53421020507812
10 200.9511260986328
11 201.18960571289062
12 202.0137939453125
13 202.4427032470703
14 202.51553344726562
15 203.79432678222656
16 204.16368103027344
17 204.9979248046875
18 205.15240478515625
19 205.475830078125
20 205.99383544921875
21 206.12515258789062
22 207.26873779296875
23 209.01809692382812
24 209.42416381835938
25 210.1540985107422
26 210.83351135253906
27 210.84254455566406
28 211.03387451171875
29 211.23953247070312
