0 205.44677734375
1 206.9957733154297
2 208.6128387451172
3 211.98834228515625
4 212.49513244628906
5 213.52464294433594
6 215.55126953125
7 217.9116668701172
8 218.23147583007812
9 218.28033447265625
10 221.29139709472656
11 224.3555726335141
12 224.77044677734375
13 226.0321807861328
14 226.33128356933594
15 227.60919189453125
16 228.33953857421875
17 228.37783813476562
18 228.7421417236328
19 230.0244140625
20 230.7816162109375
21 231.55184936523438
22 232.1852569580078
23 232.27456665039062
24 232.9152069091797
25 233.17459106445312
26 233.89114379882812
27 234.68255615234375
28 235.17816162109375
29 235.2376251220703
