0 203.99215698242188
1 206.7865447998047
2 207.13107299804688
3 209.6734619140625
4 210.3576202392578
5 211.44442285639158
6 212.7813720703125
7 213.11697387695312
8 215.35720825195312
9 219.0911865234375
10 219.14520263671875
11 219.79957580566406
12 220.4246368408203
13 220.4310760498047
14 220.79302978515625
15 220.96771240234375
16 224.73019409179688
17 224.90887451171875
18 225.148193359375
19 225.21163940429688
20 225.2259521484375
21 225.50375366210938
22 225.8373260498047
23 226.7300567626953
24 226.77133178710938
25 226.8294677734375
26 226.9399871826172
27 226.99058532714844
28 226.9915313720703
29 227.35968017578125
