0 208.0082550048828
1 223.0700225830078
2 229.29559326171875
3 231.2340545654297
4 231.4922637939453
5 232.24407958984375
6 234.53050231933594
7 234.82958984375
8 235.05120849609375
9 236.49740600585938
10 238.98106384277344
11 239.85726928710938
12 240.73855590820312
13 241.40469360351562
14 241.71609497070312
15 242.17019653320312
16 242.47457885742188
17 243.5868682861328
18 243.94032287597656
19 245.23114013671875
20 245.72401428222656
21 245.87315368652344
22 246.22689819335938
23 246.30921936035156
24 247.3731689453125
25 247.9489288330078
26 248.34628295898438
27 248.42820739746094
28 248.42868041992188
29 248.8291015625
