0 196.92388916015625
1 207.333740234375
2 211.39353942871094
3 216.20265197753906
4 217.17527770996094
5 219.00289916992188
6 219.00497436523438
7 219.4826202392578
8 220.44989013671875
9 220.92431640625
10 222.7330780029297
11 223.2971954345703
12 223.64382934570312
13 223.95541381835938
14 224.38169860839844
15 225.82803344726562
16 225.89425659179688
17 227.4105987548828
18 230.84678649902344
19 231.5358428955078
20 231.541748046875
21 231.74896240234375
22 232.5592041015625
23 233.0410614013672
24 233.07626342773438
25 233.53517150878906
26 233.86874389648438
27 233.970703125
28 234.06483459472656
29 234.99661254882812
