0 201.45346069335938
1 201.5854034423828
2 202.059814453125
3 203.06517028808594
4 204.50994873046875
5 206.1976776123047
6 206.5980224609375
7 206.81851196289062
8 206.96707153320312
9 207.4313201904297
10 207.57884216308594
11 208.69830322265625
12 209.72280883789062
13 210.19606018066406
14 210.47412109375
15 211.0058135986328
16 211.01419513346923
17 211.26632690429688
18 211.41476440429688
19 211.842041015625
20 212.14234924316406
21 212.40594969944547
22 212.4326629638672
23 212.80865478515625
24 213.13400268554688
25 213.3497314453125
26 214.53848266601562
27 214.65533447265625
28 215.08041381835938
29 215.74070739746094
