0 188.48599243164062
1 188.95384216308594
2 189.2219696044922
3 190.00799560546875
4 190.932373046875
5 191.2076416015625
6 194.03872680664062
7 194.19479370117188
8 195.31558227539062
9 196.06114196777344
10 197.22036743164062
11 197.25283813476562
12 197.445556640625
13 197.61544799804688
14 197.77500915527344
15 198.43121337890625
16 198.73406982421875
17 198.82687377929688
18 199.1649932861328
19 199.18426513671875
20 199.3039093017578
21 199.60052490234375
22 199.89547729492188
23 199.96267700195312
24 200.16400146484375
25 200.42828369140625
26 200.85101318359375
27 200.99884033203125
28 201.21067810058594
29 201.36614990234375
