0 216.33837890625
1 223.742919921875
2 225.44244384765625
3 227.09922790527344
4 228.98828125
5 229.13546752929688
6 233.53738403320312
7 234.142333984375
8 235.41433715820312
9 236.24386596679688
10 236.64553833007812
11 236.6492156982422
12 236.940185546875
13 237.0570068359375
14 237.51016235351562
15 238.30105590820312
16 239.65221662821233
17 240.4104461669922
18 240.4652099609375
19 240.61221313476562
20 241.1479949951172
21 241.32073974609375
22 242.31753540039062
23 242.320556640625
24 242.57369995117188
25 242.57696533203125
26 242.59466552734375
27 243.114990234375
28 243.13714599609375
29 243.26458740234375
