0 178.3680419921875
1 178.41232299804688
2 178.73716735839844
3 180.449462890625
4 180.85336303710938
5 183.27114868164062
6 183.9033660888672
7 183.94598388671875
8 185.040771484375
9 187.59796142578125
10 187.9446563720703
11 188.3802490234375
12 188.51551818847656
13 189.9596405029297
14 190.86138916015625
15 191.6634521484375
16 191.74935913085938
17 191.90411376953125
18 192.10708618164062
19 192.80123901367188
20 193.11572265625
21 193.21542358398438
22 193.2442169189453
23 193.31301879882812
24 193.62893676757812
25 193.64649963378906
26 193.7566375732422
27 193.99154663085938
28 194.15689086914062
29 194.32037353515625
