0 208.86904907226562
1 232.29632568359375
2 256.6770324707031
3 258.1934814453125
4 259.1083984375
5 259.25592041015625
6 260.16046142578125
7 260.5700988769531
8 261.14605712890625
9 261.4685363769531
10 262.1795654296875
11 263.4497375488281
12 263.7828369140625
13 264.55657958984375
14 265.4239196777344
15 266.13006591796875
16 266.42498779296875
17 266.5123596191406
18 266.68231201171875
19 267.01983642578125
20 267.2049560546875
21 267.2049560546875
22 267.6935729980469
23 267.91265869140625
24 267.91912841796875
25 268.0655517578125
26 268.5238037109375
27 270.1083068847656
28 271.5080871582031
29 271.95489501953125
