0 184.58450317382812
1 185.65237426757812
2 190.74417114257812
3 192.57028198242188
4 196.82542419433594
5 199.31881260676053
6 200.6308135986328
7 201.43258666992188
8 202.60922241210938
9 203.60870361328125
10 203.65655517578125
11 203.83935546875
12 204.32569885253906
13 204.54685974121094
14 205.46676635742188
15 205.73831176757812
16 205.97596740722656
17 206.3224639892578
18 206.33297729492188
19 206.46401977539062
20 206.55642700195312
21 207.57493591308594
22 207.9121551513672
23 208.07928466796875
24 208.16079711914062
25 208.254638671875
26 208.33425903320312
27 208.58734130859375
28 208.5907745361328
29 208.74554443359375
