0 206.8230743408203
1 207.97496032714844
2 214.6757049560547
3 215.13487243652344
4 215.50770568847656
5 217.14706420898438
6 217.61744689941406
7 218.3335418701172
8 220.25633239746094
9 221.02899169921875
10 221.05032348632812
11 221.366943359375
12 221.4264373779297
13 222.04763793945312
14 222.08570861816406
15 222.1123809814453
16 222.32720947265625
17 222.4050750732422
18 222.91372680664062
19 223.06454467773438
20 223.20506286621094
21 223.75636291503906
22 224.0343017578125
23 224.2379150390625
24 224.68434143066406
25 225.5832061767578
26 225.88648986816406
27 225.91171264648438
28 225.9788360595703
29 226.0930633544922
