0 245.4705352783203
1 255.99293518066406
2 256.0712890625
3 256.8493347167969
4 256.92425537109375
5 257.0374303705938
6 257.73724365234375
7 259.63330078125
8 260.49786376953125
9 261.30535888671875
10 262.5990295410156
11 263.2160949707031
12 263.4657287597656
13 263.765380859375
14 263.9130859375
15 263.9353332519531
16 264.25238037109375
17 264.26861572265625
18 266.0731201171875
19 266.1441345214844
20 266.2232360839844
21 266.7471008300781
22 268.9680480957031
23 269.6446228027344
24 270.11212158203125
25 270.1755676269531
26 270.3358154296875
27 270.4107360839844
28 270.5088195800781
29 270.5232238769531
