0 197.76028442382812
1 215.2664031982422
2 216.77711486816406
3 216.95346069335938
4 220.44195556640625
5 220.50299072265625
6 221.70932006835938
7 222.28468322753906
8 223.47235107421875
9 224.0343017578125
10 224.40975952148438
11 225.64730834960938
12 226.41384887695312
13 227.05287170410156
14 228.5331573486328
15 229.133544921875
16 229.80825805664062
17 230.50526428222656
18 230.97364807128906
19 231.19503784179688
20 231.41598510742188
21 231.62797113074447
22 232.47972106933594
23 232.80003356933594
24 232.86831665039062
25 232.92962646484375
26 233.02230834960938
27 233.4049835205078
28 233.8849639892578
29 233.89154052734375
