0 180.2457733154297
1 187.56993103027344
2 227.17376708984375
3 229.4114227294922
4 232.2320098876953
5 233.17379760742188
6 234.01596069335938
7 239.91810607910156
8 241.03005981445312
9 241.85556030273438
10 242.6865997314453
11 243.37437438964844
12 243.51124572753906
13 243.58819580078125
14 245.4621124267578
15 245.46884155273438
16 245.49269104003906
17 245.6566619873047
18 245.7346649169922
19 245.96578979492188
20 246.68450927734375
21 247.44493103027344
22 248.10142517089844
23 248.1610870361328
24 248.30633544921875
25 248.50604248046875
26 248.82554626464844
27 248.8321990966797
28 248.87709045410156
29 248.9772491455078
