0 267.1357727050781
1 271.15277099609375
2 272.7392578125
3 275.7115173339844
4 275.984619140625
5 276.9271545410156
6 277.1241455078125
7 279.27923583984375
8 280.8836975097656
9 282.31439208984375
10 282.60614013671875
11 283.4039611816406
12 283.91534423828125
13 284.8785400390625
14 285.8862609863281
15 286.303955078125
16 286.4090270996094
17 286.601806640625
18 286.9861145019531
19 288.9534912109375
20 289.1042175292969
21 289.47589111328125
22 290.0841979980469
23 290.31829833984375
24 291.2572937011719
25 291.3878173828125
26 291.4529724121094
27 291.7303466796875
28 292.6641845703125
29 292.7026672363281
