0 195.09039306640625
1 212.66452026367188
2 212.96728515625
3 213.0539093017578
4 213.07627868652344
5 213.15950251882927
6 214.44915771484375
7 214.87722778320312
8 215.48947143554688
9 215.84066772460938
10 216.1117706298828
11 216.90420532226562
12 217.11032104492188
13 217.8795166015625
14 219.2418212890625
15 219.32827758789062
16 219.51971435546875
17 220.0343017578125
18 220.3323974609375
19 220.6317596435547
20 223.19296264648438
21 223.2019500732422
22 223.2042236328125
23 224.093505859375
24 224.34512329101562
25 224.58599853515625
26 224.78933715820312
27 226.3362579345703
28 226.6540069580078
29 226.82005310058594
