0 209.36721801757812
1 214.09750366210938
2 216.36598205566406
3 216.9918212890625
4 217.63792419433594
5 217.65908813476562
6 221.14793395996094
7 223.633056640625
8 224.80467224121094
9 226.0487060546875
10 229.1742401123047
11 230.083251953125
12 231.54196166992188
13 231.603515625
14 231.98025512695312
15 232.07533264160156
16 233.6957244873047
17 234.06951904296875
18 235.7188720703125
19 235.84683227539062
20 237.19776916503906
21 237.79916381835938
22 238.8466796875
23 238.9030303955078
24 239.045654296875
25 239.14208984375
26 239.1726531982422
27 239.3878173828125
28 239.43858337402344
29 239.8892059326172
