0 179.00564575195312
1 180.18850708007812
2 180.2303009033203
3 182.33665466308594
4 183.61143493652344
5 184.08689880371094
6 184.16783142089844
7 186.63685607910156
8 186.6452178955078
9 186.877685546875
10 186.97866821289062
11 187.00953674316406
12 187.3068389892578
13 187.40594482421875
14 187.98097647788845
15 188.20162963867188
16 188.55703735351562
17 188.93081665039062
18 189.3631134033203
19 189.40457153320312
20 190.2525177001953
21 190.9410858154297
22 191.83035278320312
23 192.12347412109375
24 192.2198944091797
25 192.41732788085938
26 192.44244384765625
27 192.90493774414062
28 193.12921142578125
29 193.53729248046875
