0 237.99984741210938
1 244.00453186035156
2 245.0338592529297
3 245.0831756591797
4 245.64071655273438
5 249.00961303710938
6 250.3778076171875
7 250.59632873535156
8 251.7880859375
9 251.80215454101562
10 252.67010498046875
11 253.61956787109375
12 256.0880126953125
13 256.4314270019531
14 257.055908203125
15 257.5797119140625
16 257.7341613769531
17 259.11553955078125
18 259.4141845703125
19 259.58148193359375
20 260.72369384765625
21 261.0196533203125
22 261.5045471191406
23 261.6121826171875
24 261.7032775878906
25 261.720947265625
26 261.8619079589844
27 261.9239196777344
28 262.18182373046875
29 262.29840087890625
