0 188.18203735351562
1 202.4062042236328
2 203.04339599609375
3 204.04034423828125
4 206.81005859375
5 211.37478637695312
6 211.6396484375
7 212.54383850097656
8 213.21633911132812
9 213.66207885742188
10 215.66854858398438
11 215.71197509765625
12 217.49046325683594
13 218.11532592773438
14 218.78665161132812
15 219.96400451660156
16 220.486572265625
17 221.1244659423828
18 221.32579040527344
19 222.43838500976562
20 222.48379516601562
21 223.07305908203125
22 223.2380828857422
23 223.64488220214844
24 223.8016357421875
25 223.821533203125
26 223.94956970214844
27 224.20672607421875
28 224.6175537109375
29 225.1691436767578
