0 248.6898651123047
1 249.99119567871094
2 254.2432861328125
3 255.69247436523438
4 255.79617309570312
5 256.3448791503906
6 256.6575622558594
7 256.7689514160156
8 258.3783874511719
9 258.4871520996094
10 259.8686828613281
11 260.0728759765625
12 261.59271240234375
13 261.8037109375
14 262.809814453125
15 262.8660583496094
16 262.9612731933594
17 263.42974853515625
18 263.7490234375
19 263.9118347167969
20 264.35882568359375
21 264.47662353515625
22 264.5790710449219
23 264.6437683105469
24 265.11407470703125
25 265.11407470703125
26 265.4710388183594
27 265.6249694824219
28 265.79547119140625
29 265.8402099609375
