0 168.14614868164062
1 168.76132202148438
2 169.11911010742188
3 169.13385009765625
4 172.31781005859375
5 172.41075134277344
6 173.45199584960938
7 174.58770751953125
8 176.4095916748047
9 177.44659423828125
10 177.9497528076172
11 178.15805053710938
12 178.18179321289062
13 178.39279174804688
14 178.40853881835938
15 178.6239013671875
16 178.6719970703125
17 178.749755859375
18 178.99159240722656
19 179.61163330078125
20 179.7225341796875
21 180.34439086914062
22 180.61204528808594
23 181.24810791015625
24 181.4716796875
25 181.54518127441406
26 181.74964904785156
27 181.9993896484375
28 182.10122680664062
29 182.2870330810547
