0 185.0115203857422
1 185.63333129882812
2 188.45547485351562
3 191.39260864257812
4 195.43145751953125
5 196.0181121826172
6 196.1282501220703
7 196.2401580810547
8 196.2991943359375
9 196.91502380371094
10 197.0812530517578
11 197.5099639892578
12 197.78713989257812
13 197.96372985839844
14 198.8775177001953
15 199.2200164794922
16 199.37083435058594
17 200.04347229003906
18 200.3570556640625
19 201.00735473632812
20 201.29666137695312
21 201.33157348632812
22 201.65069580078125
23 202.2038116455078
24 202.28396606445312
25 202.4534912109375
26 202.59072875976562
27 202.6868896484375
28 202.99676513671875
29 203.15884399414062
