0 190.04002380371094
1 196.86302185058594
2 202.4292755126953
3 203.48561096191406
4 204.51612854003906
5 204.57936096191406
6 205.12271118164062
7 205.3233642578125
8 205.9718017578125
9 206.05575561523438
10 207.26254272460938
11 207.32037353515625
12 207.52052307128906
13 207.59207153320312
14 208.7076416015625
15 208.74253845214844
16 209.0832061767578
17 209.47108459472656
18 209.5223388671875
19 209.89698791503906
20 210.2586669921875
21 211.65670776367188
22 211.70020351539512
23 211.9308319091797
24 211.95094299316406
25 212.09967041015625
26 212.40985107421875
27 212.58795166015625
28 213.06155395507812
29 213.55300903320312
