0 266.10028076171875
1 266.2715148925781
2 267.5477294921875
3 269.4444885253906
4 270.37054443359375
5 271.0888977050781
6 272.4552307128906
7 272.62548828125
8 274.1098937988281
9 275.4381103515625
10 275.4670715332031
11 275.54705810546875
12 276.5394287109375
13 277.3028564453125
14 279.1263732910156
15 279.18536376953125
16 279.1953125
17 279.82440185546875
18 279.9806823730469
19 280.4377746582031
20 281.0243225097656
21 281.2268981933594
22 282.13763427734375
23 282.1647033691406
24 283.38232421875
25 283.5429992675781
26 284.46026611328125
27 284.578125
28 284.8538818359375
29 285.3249206542969
