0 234.90631103515625
1 242.48538208007812
2 242.535888671875
3 244.01548767089844
4 245.39254760742188
5 246.89598083496094
6 249.88082885742188
7 250.2329559326172
8 252.66993713378906
9 254.7685546875
10 255.01194763183594
11 255.04876708984375
12 255.4344940185547
13 255.66162109375
14 259.43011474609375
15 259.7431945800781
16 259.8603210449219
17 260.27630615234375
18 260.6483459472656
19 260.74407958984375
20 261.5768737792969
21 262.4675598144531
22 262.72515869140625
23 263.0639343261719
24 263.5987548828125
25 263.78936767578125
26 263.890380859375
27 263.934326171875
28 264.82000732421875
29 265.0604248046875
