0 178.01451110839844
1 196.60617065429688
2 200.92599487304688
3 202.71954345703125
4 204.32516479492188
5 205.19509887695312
6 207.42349243164062
7 209.1260223388672
8 209.33016967773438
9 209.697998046875
10 210.65394592285156
11 210.7550506591797
12 211.362548828125
13 211.92929077148438
14 214.28271484375
15 215.1068572998047
16 215.80335998535156
17 215.93463134765625
18 216.0740966796875
19 216.81478881835938
20 217.2166748046875
21 217.2515411376953
22 219.49490356445312
23 219.6424560546875
24 220.48052978515625
25 220.4997100830078
26 220.57684326171875
27 220.80828857421875
28 221.0501708984375
29 222.70037841796875
