0 203.8859405517578
1 204.92691040039062
2 204.92800903320312
3 211.21409606933594
4 213.50033569335938
5 217.18670654296875
6 217.49273681640625
7 219.04763793945312
8 219.08535766601562
9 219.72103881835938
10 220.63846737161165
11 221.20042419433594
12 221.26698303222656
13 221.49951171875
14 221.75987243652344
15 221.76953125
16 221.97274780273438
17 222.12025451660156
18 222.1977081298828
19 222.29896545410156
20 224.00975036621094
21 225.67990112304688
22 226.80703735351562
23 227.46299743652344
24 227.6357421875
25 227.93544006347656
26 228.72657775878906
27 229.13705444335938
28 230.56182861328125
29 231.2679901123047
