0 195.47837829589844
1 203.07675170898438
2 211.0818328857422
3 214.22360229492188
4 214.52542114257812
5 218.18699645996094
6 218.73080444335938
7 219.68408203125
8 220.60533142089844
9 222.3144073486328
10 222.42437744140625
11 222.48631286621094
12 222.67823791503906
13 222.81552124023438
14 222.87852478027344
15 223.5858154296875
16 223.9600067138672
17 224.25491333007812
18 224.69845581054688
19 224.76710510253906
20 225.90853881835938
21 226.362060546875
22 226.615478515625
23 226.8688507080078
24 226.91258239746094
25 227.15439155094708
26 227.37442016601562
27 227.40411376953125
28 227.57484436035156
29 227.64547729492188
