0 223.8509521484375
1 224.015869140625
2 226.23733520507812
3 227.71817016601562
4 230.70578002929688
5 231.5618896484375
6 232.47259521484375
7 232.85858154296875
8 238.1564178466797
9 238.20492553710938
10 238.45970153808594
11 238.93148803710938
12 239.93942260742188
13 240.7938232421875
14 240.98092651367188
15 241.35601806640625
16 241.8323974609375
17 241.84622192382812
18 242.12393188476562
19 242.5471649169922
20 244.7798309326172
21 245.42718505859375
22 245.83688354492188
23 246.05209350585938
24 246.57049560546875
25 246.64495849609375
26 246.9453125
27 248.30389404296875
28 248.42315673828125
29 248.72705078125
