0 226.26675415039062
1 233.5701904296875
2 237.20008850097656
3 251.97804260253906
4 257.6805114746094
5 259.1970520019531
6 261.82525634765625
7 263.58636474609375
8 264.18377685546875
9 265.6915588378906
10 266.5250244140625
11 266.7991943359375
12 267.6148376464844
13 269.6678771972656
14 271.1300964355469
15 271.4216003417969
16 272.252197265625
17 273.3608093261719
18 273.7644348144531
19 273.9532775878906
20 274.9886779785156
21 275.659912109375
22 275.6999206542969
23 276.4068603515625
24 277.2334899902344
25 277.42474365234375
26 278.24786376953125
27 278.55124498871476
28 278.87646484375
29 278.89959716796875
