0 193.1381072998047
1 197.480224609375
2 197.7200469970703
3 198.063232421875
4 199.44769287109375
5 199.88125610351562
6 200.02793884277344
7 200.04971313476562
8 200.51377868652344
9 200.69679260253906
10 201.84286499023438
11 201.9380340576172
12 201.9698944091797
13 203.7345733642578
14 204.12570190429688
15 204.1752166748047
16 204.2383270263672
17 204.30120849609375
18 206.41604614257812
19 206.4485321044922
20 206.92759704589844
21 207.2189483642578
22 207.24176025390625
23 207.45541381835938
24 207.55995178222656
25 207.8254852294922
26 208.5020294189453
27 208.6474151611328
28 209.3528289794922
29 209.6412353515625
