0 227.83599853515625
1 231.8402099609375
2 237.19454956054688
3 237.5987548828125
4 240.81492614746094
5 241.31381225585938
6 241.33653259277344
7 242.42977905273438
8 244.19332885742188
9 244.3707733154297
10 246.56549072265625
11 247.2855224609375
12 247.39720153808594
13 247.6077117919922
14 247.6641082763672
15 248.02923583984375
16 249.9095458984375
17 250.56076049804688
18 250.75778198242188
19 250.75778198242188
20 250.7718505859375
21 250.8179931640625
22 250.96673583984375
23 250.98309326171875
24 251.07704162597656
25 251.2774658203125
26 251.79672241210938
27 251.8175048828125
28 252.50001525878906
29 253.6424102783203
