0 179.74551391601562
1 184.68040466308594
2 187.24314880371094
3 187.84393310546875
4 188.607177734375
5 188.66220092773438
6 190.12286376953125
7 190.75631713867188
8 191.89346313476562
9 192.48696899414062
10 192.4889373779297
11 192.57388305664062
12 192.7249755859375
13 193.439697265625
14 193.69091796875
15 194.2637939453125
16 194.35052490234375
17 194.57601928710938
18 194.71047973632812
19 194.7967987060547
20 194.86453247070312
21 195.1554718017578
22 195.30909729003906
23 196.39520263671875
24 196.65170288085938
25 196.8675994873047
26 197.64132690429688
27 197.70492553710938
28 198.1737060546875
29 198.3077392578125
