0 212.02159118652344
1 234.75413513183594
2 245.48495483398438
3 250.6237030029297
4 254.179931640625
5 256.09759521484375
6 257.90264892578125
7 258.0818176269531
8 259.5430908203125
9 260.4758605957031
10 260.62750244140625
11 262.0531311035156
12 262.9712219238281
13 263.3699951171875
14 264.0068664550781
15 264.8334045410156
16 265.4609375
17 266.5562438964844
18 266.6221618652344
19 266.8061828613281
20 268.66351318359375
21 269.15045166015625
22 269.76739501953125
23 269.8197021484375
24 270.01043701171875
25 271.2843322753906
26 271.30535888671875
27 271.489990234375
28 271.7296142578125
29 271.74346923828125
