0 235.84432983398438
1 254.51162719726562
2 260.010498046875
3 260.9227294921875
4 265.0130920410156
5 267.140380859375
6 267.2566833496094
7 271.3382568359375
8 272.5240478515625
9 272.77264404296875
10 273.1483459472656
11 276.5733947753906
12 276.7693786621094
13 278.56610107421875
14 278.7005615234375
15 279.970458984375
16 280.41156005859375
17 280.88995361328125
18 280.9727783203125
19 280.97802734375
20 281.26629638671875
21 281.53631591796875
22 283.0184631347656
23 283.1298522949219
24 283.4419860839844
25 284.6229553222656
26 285.1774597167969
27 285.8138427734375
28 286.1907043457031
29 286.56622314453125
