0 181.04173278808594
1 194.5563507080078
2 197.93800354003906
3 198.21109008789062
4 198.59617614746094
5 198.87405395507812
6 198.9038543701172
7 198.98428344726562
8 199.3595428466797
9 199.49273681640625
10 199.72076416015625
11 201.2924346923828
12 201.54666137695312
13 201.80975341796875
14 202.85498046875
15 203.07254028320312
16 203.22535705566406
17 203.48521423339844
18 204.16297912597656
19 204.9383544921875
20 205.00672912597656
21 205.014404296875
22 205.3212890625
23 205.365234375
24 205.58013916015625
25 205.96942138671875
26 205.969970703125
27 206.459716796875
28 206.4744415283203
29 207.56597900390625
