0 197.93338012695312
1 206.02243041992188
2 207.7675018310547
3 208.52757263183594
4 208.74852110722296
5 212.0655517578125
6 213.69932556152344
7 215.2289276123047
8 216.634765625
9 216.831787109375
10 219.50946044921875
11 221.475830078125
12 222.53793334960938
13 222.94244384765625
14 223.780517578125
15 224.0609130859375
16 227.39266967773438
17 227.87173461914062
18 227.9066162109375
19 227.9456024169922
20 228.36343383789062
21 228.57948303222656
22 228.92919921875
23 230.21646118164062
24 230.29119873046875
25 230.4439697265625
26 230.6686553955078
27 230.79359436035156
28 230.8164520263672
29 230.9089813232422
