0 215.6044921875
1 226.2716064453125
2 227.3662567138672
3 228.41070556640625
4 228.7046661376953
5 229.17379760742188
6 229.49093627929688
7 229.5784454345703
8 230.4111785888672
9 230.85708618164062
10 230.87403869628906
11 231.79043579101562
12 233.46420288085938
13 233.5009002685547
14 233.60833740234375
15 233.63653564453125
16 233.67214965820312
17 233.82862854003906
18 234.76507568359375
19 235.50643920898438
20 235.91830444335938
21 236.28848266601562
22 236.505615234375
23 236.9028778076172
24 237.6961669921875
25 238.16371154785156
26 238.490966796875
27 238.50750732421875
28 238.9779510498047
29 239.13259887695312
