0 156.14199829101562
1 172.2122344970703
2 186.50770568847656
3 189.71096801757812
4 201.11026000976562
5 201.5425262451172
6 202.31454467773438
7 202.39691162109375
8 205.3837127685547
9 205.80372619628906
10 205.81365966796875
11 206.1688232421875
12 207.08250427246094
13 207.17044067382812
14 207.934814453125
15 208.2505645751953
16 209.9327392578125
17 211.1786346435547
18 212.90135192871094
19 213.29006958007812
20 214.23741149902344
21 215.47482299804688
22 217.11314392089844
23 217.60177612304688
24 218.0975799560547
25 218.2562255859375
26 218.65252685546875
27 218.861328125
28 219.15503345327744
29 219.22471618652344
