0 203.4122772216797
1 209.2310028076172
2 209.29672241210938
3 210.16683959960938
4 211.145751953125
5 211.53872680664062
6 215.78549194335938
7 218.02194213867188
8 218.22605895996094
9 218.25962829589844
10 219.0926513671875
11 220.1974334716797
12 220.2933349609375
13 220.6123046875
14 220.634033203125
15 220.77528381347656
16 221.0319061279297
17 221.68820190429688
18 222.51307678222656
19 222.56295776367188
20 223.48284912109375
21 223.52166748046875
22 223.6097869873047
23 223.64515686035156
24 224.1107940673828
25 225.2251434326172
26 225.72564697265625
27 226.07443237304688
28 226.22308349609375
29 226.22866821289062
