0 213.472412109375
1 227.07000732421875
2 235.39013671875
3 237.24684143066406
4 237.5248260498047
5 239.95578002929688
6 245.69509887695312
7 245.97659301757812
8 246.42495727539062
9 247.64810180664062
10 247.82110595703125
11 250.36935424804688
12 251.23272705078125
13 252.04556274414062
14 253.3290252685547
15 253.35789489746094
16 254.73883056640625
17 255.0401153564453
18 255.1991424560547
19 255.3199005126953
20 255.53042602539062
21 255.55014038085938
22 255.58627319335938
23 256.0771484375
24 256.3350524902344
25 256.36346435546875
26 256.3709716796875
27 257.48321533203125
28 258.4510498046875
29 258.4764404296875
