0 193.3514404296875
1 194.67364501953125
2 195.6422576904297
3 199.7296142578125
4 200.53375244140625
5 201.05715942382812
6 204.4595489501953
7 206.74581909179688
8 206.9687042236328
9 206.9933624267578
10 210.00283813476562
11 210.5072021484375
12 211.19430541992188
13 213.8804931640625
14 214.69241333007812
15 214.75921630859375
16 214.9636993408203
17 215.1421661376953
18 215.1948699951172
19 216.0805206298828
20 216.4766845703125
21 216.537353515625
22 217.69427490234375
23 217.70361328125
24 218.06985473632812
25 218.1640625
26 218.3251495361328
27 218.6933135986328
28 218.75013732910156
29 218.79196166992188
