0 188.7182159423828
1 197.62416076660156
2 198.65884399414062
3 199.52987670898438
4 207.29148864746094
5 207.43954467773438
6 209.06765747070312
7 209.77560424804688
8 209.81121826171875
9 210.2377166748047
10 211.415771484375
11 211.9961395263672
12 212.2713165283203
13 212.38916015625
14 213.3974151611328
15 213.5635986328125
16 213.8395538330078
17 215.1634979248047
18 215.46287536621094
19 216.08399963378906
20 217.18115234375
21 217.3042449951172
22 217.31532524927303
23 217.38424682617188
24 218.05014038085938
25 218.27586364746094
26 218.52259826660156
27 218.74514770507812
28 218.97625732421875
29 219.29139709472656
