0 280.5816650390625
1 286.2601318359375
2 288.04833984375
3 288.6274719238281
4 289.1439514160156
5 290.5386657714844
6 292.45599365234375
7 293.4638977050781
8 295.79644775390625
9 296.137939453125
10 298.1334533691406
11 299.1224060058594
12 299.6241455078125
13 299.839599609375
14 300.10919189453125
15 300.937744140625
16 301.0581359863281
17 301.3551940917969
18 301.589111328125
19 302.440673828125
20 303.0827331542969
21 303.2790832519531
22 303.53515625
23 304.1234130859375
24 304.2984619140625
25 304.37799072265625
26 304.68817138671875
27 304.8185119628906
28 304.89031982421875
29 306.48345947265625
