0 183.03919982910156
1 186.8883819580078
2 191.87860107421875
3 202.55148315429688
4 203.20794677734375
5 203.64361572265625
6 205.07839965820312
7 205.2460174560547
8 205.98428344726562
9 206.00213623046875
10 206.35182189941406
11 207.98336791992188
12 208.6527862548828
13 209.05377197265625
14 210.0040740966797
15 210.12879943847656
16 210.80136108398438
17 210.8436279296875
18 211.45814014506303
19 211.76109313964844
20 211.78651428222656
21 211.8584747314453
22 212.32461547851562
23 212.390380859375
24 213.22703552246094
25 213.8081817626953
26 215.07003784179688
27 215.827392578125
28 215.95260620117188
29 215.99862670898438
