0 213.5525665283203
1 213.77835083007812
2 215.6045684814453
3 215.78390502929688
4 219.265625
5 220.2255096435547
6 220.35028076171875
7 220.95790100097656
8 223.24124145507812
9 224.49354553222656
10 224.66829829469086
11 225.24356079101562
12 225.4193878173828
13 225.6730194091797
14 225.8580780029297
15 226.39002990722656
16 227.1954803466797
17 227.69776916503906
18 227.95294189453125
19 228.08372982891606
20 228.30502319335938
21 228.5233154296875
22 228.52926635742188
23 228.67434692382812
24 229.05108642578125
25 229.34848022460938
26 229.93560791015625
27 230.20196533203125
28 230.52139282226562
29 231.0585479736328
