0 198.9412841796875
1 207.72337341308594
2 213.17515563964844
3 215.52151489257812
4 215.9609375
5 217.63433391517168
6 218.1641845703125
7 220.72825622558594
8 222.95896911621094
9 223.0262451171875
10 223.27197265625
11 223.6785888671875
12 224.41238403320312
13 224.72616577148438
14 224.9134979248047
15 225.60826110839844
16 225.7161102294922
17 225.864013671875
18 226.12725830078125
19 226.494384765625
20 226.7045135498047
21 227.0576171875
22 228.7410888671875
23 229.13699340820312
24 229.38343811035156
25 229.58999633789062
26 229.83700561523438
27 229.94375610351562
28 230.16079711914062
29 230.29229736328125
