0 229.80558978128525
1 234.97645568847656
2 236.24378967285156
3 236.739990234375
4 239.02606201171875
5 239.7387237548828
6 240.07615661621094
7 241.4343719482422
8 241.6730499267578
9 241.7148895263672
10 243.25477600097656
11 243.49200439453125
12 243.7962646484375
13 243.878173828125
14 243.96066284179688
15 245.11190795898438
16 245.46121215820312
17 245.61892700195312
18 245.6549072265625
19 245.72125244140625
20 246.18972778320312
21 247.23977661132812
22 247.31112670898438
23 247.6892852783203
24 247.68978881835938
25 248.59628295898438
26 248.824462890625
27 249.087158203125
28 249.17794799804688
29 249.31157921322793
