0 220.44915771484375
1 220.45730590820312
2 227.28485107421875
3 227.4886016845703
4 229.62457275390625
5 230.744873046875
6 232.20751953125
7 234.44679260253906
8 235.34291076660156
9 238.6845703125
10 238.98199462890625
11 239.85516357421875
12 240.7745361328125
13 241.7625274658203
14 241.97817993164062
15 242.155029296875
16 242.60333251953125
17 244.7559356689453
18 248.42416381835938
19 249.0339813232422
20 249.36178588867188
21 249.383056640625
22 249.40164184570312
23 249.85797119140625
24 249.89657592773438
25 249.91416931152344
26 250.14959716796875
27 250.44691467285156
28 250.48272705078125
29 250.58041381835938
