0 170.71461486816406
1 179.76051330566406
2 183.56845092773438
3 185.67971801757812
4 186.09124755859375
5 187.31874084472656
6 188.04171752929688
7 188.91065979003906
8 188.91976928710938
9 189.02432250976562
10 189.0749053955078
11 190.06024169921875
12 190.58755493164062
13 191.19285583496094
14 191.98866271972656
15 192.24081420898438
16 192.28245544433594
17 192.5017852783203
18 193.24696350097656
19 193.65396118164062
20 194.1034698486328
21 194.53390502929688
22 194.9353485107422
23 195.98736572265625
24 196.08059692382812
25 196.23292541503906
26 196.5584716796875
27 196.7042999267578
28 196.85336303710938
29 196.89730834960938
