0 239.21401977539062
1 249.7528485523578
2 250.61634826660156
3 251.18997192382812
4 251.75245666503906
5 252.10556030273438
6 252.16934204101562
7 253.6321258544922
8 253.87957763671875
9 254.15187072753906
10 254.52682495117188
11 255.73939514160156
12 256.1174621582031
13 257.4404296875
14 257.49444580078125
15 257.5827941894531
16 257.73223876953125
17 258.14007568359375
18 258.2154541015625
19 258.4701232910156
20 258.5892333984375
21 258.9691162109375
22 260.6949157714844
23 261.0986022949219
24 261.15057373046875
25 261.18389892578125
26 261.6024169921875
27 261.7834167480469
28 262.11102294921875
29 262.4275817871094
