0 222.77880859375
1 225.19696044921875
2 225.91793823242188
3 227.94955444335938
4 230.51889038085938
5 231.0193634033203
6 231.02304077148438
7 231.52102661132812
8 233.34109497070312
9 236.02676391601562
10 237.11891174316406
11 237.29080200195312
12 237.7724609375
13 239.62954711914062
14 240.10675048828125
15 241.847412109375
16 244.07281494140625
17 244.07705688476562
18 244.6887969970703
19 244.8597869873047
20 245.4898681640625
21 245.94125366210938
22 246.3052520751953
23 246.4686279296875
24 247.1435089111328
25 247.33084106445312
26 247.47772216796875
27 247.69068908691406
28 247.79624938964844
29 248.81698608398438
