0 181.69041442871094
1 183.30308532714844
2 185.39645385742188
3 185.71119689941406
4 187.23577880859375
5 187.78945922851562
6 189.4656982421875
7 189.52737426757812
8 189.76580810546875
9 192.42752075195312
10 192.5635986328125
11 192.6298828125
12 193.23092651367188
13 193.78250122070312
14 194.09107971191406
15 194.38043212890625
16 194.4767303466797
17 194.6433563232422
18 194.6604766845703
19 194.75614220881857
20 194.97589111328125
21 195.17686462402344
22 195.5073699951172
23 195.6048126220703
24 195.86895751953125
25 195.89248657226562
26 196.35430908203125
27 196.5743408203125
28 196.57546997070312
29 196.62503051757812
