0 204.29971313476562
1 204.32223510742188
2 206.51651000976562
3 209.28140258789062
4 210.46746826171875
5 211.8657684326172
6 214.90313720703125
7 215.5750732421875
8 215.74639892578125
9 216.92770385742188
10 217.26919555664062
11 217.6217498779297
12 217.83782958984375
13 217.83782958984375
14 217.85597229003906
15 218.59796142578125
16 218.67552185058594
17 219.11729431152344
18 219.22398376464844
19 219.53768920898438
20 219.55911254882812
21 220.38174438476562
22 220.5436553955078
23 220.67332458496094
24 221.38064259853024
25 222.7907257080078
26 223.210205078125
27 224.12026977539062
28 224.13113403320312
29 225.36573791503906
