0 134.86827087402344
1 216.5282440185547
2 224.06495666503906
3 225.3577423095703
4 233.93226623535156
5 234.44515991210938
6 238.07901000976562
7 240.4178924560547
8 240.5150146484375
9 240.9227294921875
10 241.05194091796875
11 241.83364868164062
12 242.1773681640625
13 243.2967529296875
14 245.06695556640625
15 245.19277954101562
16 246.86505126953125
17 247.09884643554688
18 247.19680786132812
19 247.22628784179688
20 248.01202392578125
21 248.65640258789062
22 248.70819091796875
23 249.396240234375
24 249.7917938232422
25 250.79852294921875
26 251.33932495117188
27 251.41799926757812
28 251.41799926757812
29 253.0268096923828
