0 201.4302978515625
1 210.2130889892578
2 211.28517150878906
3 211.63429260253906
4 214.44410705566406
5 216.1396484375
6 216.84820556640625
7 218.49923706054688
8 218.7108154296875
9 221.0244598388672
10 221.8965301513672
11 222.2010040283203
12 222.23110961914062
13 222.54013061523438
14 223.02371215820312
15 223.26055908203125
16 223.71743774414062
17 224.36102294921875
18 224.70089721679688
19 224.89797973632812
20 225.24722290039062
21 225.4483642578125
22 225.78065490722656
23 226.23883056640625
24 226.26806640625
25 226.2786407470703
26 227.102783203125
27 227.12435913085938
28 227.75918579101562
29 228.5068817138672
