0 233.00875854492188
1 235.00839233398438
2 241.590576171875
3 244.964111328125
4 246.92425537109375
5 247.49520874023438
6 249.3319549560547
7 249.84230041503906
8 250.15711975097656
9 250.1781341964275
10 250.65296936035156
11 251.76434326171875
12 253.24862670898438
13 253.98013305664062
14 254.9097442626953
15 256.0085754394531
16 256.3161315917969
17 256.3658752441406
18 256.4467468261719
19 256.897705078125
20 257.2798767089844
21 257.385986328125
22 257.7243347167969
23 257.8919982910156
24 257.9118347167969
25 259.046630859375
26 259.11602783203125
27 259.17889404296875
28 259.23870849609375
29 259.42572021484375
