0 239.84210205078125
1 241.40521240234375
2 244.86138916015625
3 246.49664306640625
4 251.7286834716797
5 252.81625366210938
6 253.0536651611328
7 254.18540954589844
8 254.8395233154297
9 256.16131591796875
10 257.740966796875
11 258.41204833984375
12 259.2217102050781
13 259.8736267089844
14 260.4234924316406
15 260.9688415527344
16 261.9412841796875
17 262.2521057128906
18 262.78021240234375
19 263.0312194824219
20 263.1554260253906
21 263.3577880859375
22 263.5435791015625
23 263.6562805175781
24 264.0419616699219
25 264.0962829589844
26 264.1172180175781
27 264.5482482910156
28 264.92950439453125
29 264.97662353515625
