0 203.99404907226562
1 207.83164978027344
2 211.19390869140625
3 216.4473114013672
4 222.27667236328125
5 222.43666076660156
6 223.2071990966797
7 226.79539489746094
8 230.73080444335938
9 231.16261291503906
10 231.27792358398438
11 232.0213623046875
12 232.43438720703125
13 234.02340698242188
14 235.57565307617188
15 235.79843139648438
16 236.35037231445312
17 236.71774291992188
18 236.8115692138672
19 238.85357666015625
20 239.16204833984375
21 239.24588012695312
22 239.25283813476562
23 239.4381103515625
24 239.81137084960938
25 240.2688751220703
26 240.27029418945312
27 240.38824462890625
28 240.54249572753906
29 240.77325439453125
