0 226.89230346679688
1 229.28851318359375
2 234.8894805908203
3 236.23165893554688
4 237.09657287597656
5 237.84597778320312
6 238.40126037597656
7 238.4763946533203
8 238.64944458007812
9 238.69254117195345
10 239.62384033203125
11 239.8594207763672
12 241.11962890625
13 241.64337158203125
14 241.87608337402344
15 243.00921630859375
16 243.15272521972656
17 243.21560668945312
18 243.53195190429688
19 244.4311981201172
20 244.4888916015625
21 244.9194793701172
22 245.27362060546875
23 245.36062622070312
24 245.47581481933594
25 245.7955278149057
26 246.04644775390625
27 246.25523376464844
28 246.455322265625
29 246.45944213867188
