0 162.64297485351562
1 183.3699188232422
2 189.9647674560547
3 192.03396606445312
4 195.38934326171875
5 198.09112548828125
6 198.4875030517578
7 202.3314971923828
8 203.45790100097656
9 206.3311767578125
10 206.89596557617188
11 207.94589233398438
12 208.05198669433594
13 208.83486938476562
14 210.26021118876676
15 212.82394409179688
16 213.25747680664062
17 213.88516235351562
18 214.1498565673828
19 214.6048583984375
20 215.90122985839844
21 216.38856506347656
22 216.8415069580078
23 217.31857299804688
24 218.03640747070312
25 218.31558227539062
26 218.7734375
27 218.88177490234375
28 219.36688232421875
29 220.7740478515625
