0 148.62246704101562
1 163.01927185058594
2 166.9085235595703
3 173.52056884765625
4 177.0679931640625
5 177.27099609375
6 178.66583251953125
7 179.58377075195312
8 179.8472137451172
9 180.31912231445312
10 182.52955627441406
11 182.9376220703125
12 186.79803466796875
13 187.2526397705078
14 190.31536865234375
15 191.4389190673828
16 191.64300537109375
17 192.29202270507812
18 192.70204162597656
19 192.70211791992188
20 192.7147216796875
21 193.24343872070312
22 193.85369873046875
23 193.9552001953125
24 194.80490112304688
25 194.8223876953125
26 195.37136840820312
27 197.45120239257812
28 198.0686492919922
29 198.11770629882812
