0 234.50631713867188
1 241.98406982421875
2 245.06686401367188
3 247.12547302246094
4 248.85340881347656
5 251.21212768554688
6 252.16307067871094
7 252.54193115234375
8 253.20550537109375
9 253.46348571777344
10 254.08871459960938
11 254.37374877929688
12 254.5460205078125
13 254.85838317871094
14 255.6960906982422
15 256.13702392578125
16 256.1687316894531
17 256.26470947265625
18 256.3769226074219
19 257.28057861328125
20 259.0618591308594
21 259.6119079589844
22 260.1160888671875
23 260.5197448730469
24 261.1507568359375
25 261.2109680175781
26 261.3329147215176
27 261.4888610839844
28 261.9146728515625
29 262.9403076171875
