0 201.8466033935547
1 214.9815673828125
2 219.3062286376953
3 220.2681427001953
4 221.25819396972656
5 222.62974548339844
6 222.7982940673828
7 223.6653594970703
8 224.26254272460938
9 225.72445678710938
10 228.10580444335938
11 228.1256103515625
12 228.17889404296875
13 228.61148071289062
14 229.71710205078125
15 230.40396118164062
16 231.4656219482422
17 232.38632202148438
18 232.84475708007812
19 233.02879333496094
20 233.20408630371094
21 234.26473999023438
22 235.65211486816406
23 235.84738159179688
24 235.9972686767578
25 237.5535888671875
26 237.61734008789062
27 237.64566040039062
28 237.64788818359375
29 238.7462615966797
