0 196.98385620117188
1 207.773193359375
2 209.15301513671875
3 211.1421882583258
4 214.84254455566406
5 216.1439208984375
6 216.93048095703125
7 217.07786560058594
8 219.60052490234375
9 221.35643005371094
10 222.99749755859375
11 223.465576171875
12 223.4719696044922
13 227.86358642578125
14 228.7080535888672
15 228.91677856445312
16 230.01290893554688
17 230.48801807461007
18 233.93841552734375
19 234.2510986328125
20 234.92132568359375
21 235.3083038330078
22 236.0117950439453
23 236.54019165039062
24 236.59829711914062
25 236.94760131835938
26 239.5909423828125
27 239.86456298828125
28 239.8894768312626
29 239.92649841308594
