0 203.56936645507812
1 208.5697479248047
2 212.44476318359375
3 215.171142578125
4 216.5865478515625
5 216.59060668945312
6 217.79028800077577
7 218.28553771972656
8 219.7838134765625
9 220.31390380859375
10 220.50563049316406
11 221.02685546875
12 221.35519409179688
13 221.6665496826172
14 221.97946166992188
15 222.17654418945312
16 222.32569885253906
17 222.3724822998047
18 222.4327392578125
19 222.43850708007812
20 222.7811279296875
21 223.61957910555435
22 223.76495361328125
23 224.21995544433594
24 224.39190673828125
25 224.51809692382812
26 224.72662353515625
27 225.27011108398438
28 225.5545196533203
29 225.82608032226562
