0 226.89202880859375
1 237.0687713623047
2 241.85308837890625
3 243.2950897216797
4 247.39248657226562
5 249.53359985351562
6 251.86248779296875
7 251.9112091064453
8 252.07821655273438
9 252.5288848876953
10 253.16537475585938
11 253.39837646484375
12 253.6646728515625
13 253.97898864746094
14 255.08932495117188
15 255.1384735107422
16 255.25323486328125
17 255.37315368652344
18 257.1445007324219
19 259.0895690917969
20 259.32427978515625
21 259.74273681640625
22 259.81256103515625
23 260.38250732421875
24 260.681884765625
25 261.2096252441406
26 261.2149658203125
27 261.363037109375
28 261.3689270019531
29 261.51129150390625
