0 212.55067443847656
1 215.09364318847656
2 218.90570068359375
3 219.78648376464844
4 222.0133819580078
5 222.83850957541338
6 223.38316345214844
7 223.81048583984375
8 224.63697814941406
9 224.70042419433594
10 224.9222869873047
11 225.93887329101562
12 227.87158203125
13 228.1087188720703
14 228.76956176757812
15 229.6237335205078
16 229.6439666748047
17 230.7659149169922
18 230.7771453857422
19 230.9231414794922
20 231.39125061035156
21 231.42807006835938
22 233.09835815429688
23 233.1861572265625
24 233.18853759765625
25 233.61688232421875
26 233.64022827148438
27 234.1247100830078
28 234.29104614257812
29 234.39735412597656
