0 201.3623504638672
1 203.51480102539062
2 204.15866088867188
3 204.920654296875
4 205.9132843017578
5 206.08432006835938
6 206.4864044189453
7 206.87530517578125
8 207.8257598876953
9 209.1422119140625
10 209.27932739257812
11 210.55010986328125
12 210.93496704101562
13 210.9375
14 211.2896270751953
15 211.3787078857422
16 211.79226684570312
17 211.94985961914062
18 211.9503631591797
19 212.25247192382812
20 212.2780303955078
21 212.3365478515625
22 212.825439453125
23 213.302734375
24 213.63858032226562
25 213.83729553222656
26 213.8514862060547
27 214.1531219482422
28 214.2156982421875
29 214.4339141845703
