0 234.2171173095703
1 235.39157104492188
2 237.77899169921875
3 238.533935546875
4 239.37030029296875
5 239.88809204101562
6 242.87875366210938
7 246.64566040039062
8 247.26231384277344
9 247.3994140625
10 247.86179266903056
11 248.72000122070312
12 249.1573486328125
13 250.54611206054688
14 251.41256713867188
15 251.5301513671875
16 252.802490234375
17 252.98440551757812
18 253.4593048095703
19 253.48138427734375
20 254.19619750976562
21 255.05502319335938
22 256.45111083984375
23 257.411376953125
24 257.49658203125
25 257.65869140625
26 258.627685546875
27 258.86163330078125
28 259.00250244140625
29 259.75982666015625
