0 218.67486572265625
1 221.13648986816406
2 222.84564208984375
3 223.5635986328125
4 226.39999389648438
5 226.39999389648438
6 226.413330078125
7 226.5023956298828
8 226.67193603515625
9 227.10777282714844
10 227.52972412109375
11 228.0186767578125
12 228.44862365722656
13 228.4617919921875
14 229.92445373535156
15 230.0462646484375
16 230.3950653076172
17 230.53514099121094
18 231.06112670898438
19 232.07293701171875
20 232.28759765625
21 232.9434051513672
22 232.96156311035156
23 233.129150390625
24 233.6051025390625
25 233.6736297607422
26 234.451171875
27 234.6522674560547
28 234.9908447265625
29 235.0286407470703
