0 184.02378845214844
1 187.2443084716797
2 191.65122985839844
3 196.20692443847656
4 196.24252319335938
5 196.4471435546875
6 196.82492065429688
7 196.90811157226562
8 197.17352294921875
9 197.84181213378906
10 198.19985961914062
11 198.2970733642578
12 198.54251098632812
13 198.55746459960938
14 201.08819580078125
15 201.28338623046875
16 201.71737670898438
17 201.94949340820312
18 202.95379638671875
19 203.98204040527344
20 204.830078125
21 204.90077209472656
22 205.12295532226562
23 205.652587890625
24 205.73260498046875
25 205.83645629882812
26 206.9739990234375
27 208.03311157226562
28 208.05728149414062
29 208.82408142089844
