0 231.7982940673828
1 231.83993530273438
2 232.99044799804688
3 233.026611328125
4 234.0029754638672
5 235.08216857910156
6 237.33714294433594
7 243.8333740234375
8 244.2404022216797
9 244.95069885253906
10 245.6226043701172
11 245.70535278320312
12 245.72308349609375
13 247.4738006591797
14 247.5376434326172
15 248.01858520507812
16 249.96681213378906
17 250.2157440185547
18 250.7010955810547
19 250.93687438964844
20 251.03610229492188
21 251.11753845214844
22 251.53749084472656
23 251.6417999267578
24 251.80612182617188
25 252.0142059326172
26 252.18707275390625
27 252.3672637939453
28 253.36056518554688
29 254.06907653808594
