0 198.70335388183594
1 210.65811157226562
2 229.3683624267578
3 232.8123779296875
4 235.74356079101562
5 240.5101318359375
6 243.9265594482422
7 244.6693572998047
8 247.15879821777344
9 247.3603973388672
10 247.7142333984375
11 254.989013671875
12 256.7032165527344
13 256.91748046875
14 257.2710876464844
15 258.76080322265625
16 262.3439636230469
17 262.8138732910156
18 264.12506103515625
19 264.3431396484375
20 265.3642272949219
21 267.5015869140625
22 267.69122314453125
23 269.18701171875
24 269.5913391113281
25 271.0101013183594
26 272.0708312988281
27 272.736328125
28 273.4410095214844
29 273.8251037597656
