0 226.98106384277344
1 243.156005859375
2 247.0514678955078
3 253.4395751953125
4 256.3793640136719
5 258.1824645996094
6 259.3466491699219
7 259.7401123046875
8 260.2474163165938
9 260.57244873046875
10 261.83514404296875
11 263.47100830078125
12 264.2441711425781
13 265.0137939453125
14 265.4259033203125
15 265.7109069824219
16 267.90765380859375
17 268.9190673828125
18 269.03857421875
19 269.23699951171875
20 269.3612976074219
21 269.5719299316406
22 270.1993408203125
23 270.2857666015625
24 270.77532958984375
25 270.8898620605469
26 271.28021240234375
27 271.9538269042969
28 272.04718017578125
29 272.0593566894531
