0 180.50230407714844
1 182.74346923828125
2 185.04644775390625
3 186.1824493408203
4 187.0587921142578
5 188.026611328125
6 188.2600860595703
7 189.22879028320312
8 190.5321807861328
9 190.77304077148438
10 191.81655883789062
11 191.95867919921875
12 191.95867919921875
13 192.02093505859375
14 193.2830810546875
15 193.94482421875
16 194.2808380126953
17 195.2836456298828
18 195.29681396484375
19 196.21435546875
20 196.25888061523438
21 196.29071044921875
22 196.41534423828125
23 196.66036987304688
24 196.7239990234375
25 197.03829956054688
26 197.15975952148438
27 197.45578002929688
28 198.1317596435547
29 198.1664581298828
