0 251.97137451171875
1 256.16461181640625
2 258.09210205078125
3 259.103759765625
4 259.87554931640625
5 262.2025146484375
6 263.158203125
7 263.75830078125
8 263.8766174316406
9 266.7923583984375
10 267.10272216796875
11 267.7294921875
12 268.6969299316406
13 268.8536071777344
14 269.620849609375
15 270.57464599609375
16 270.6688232421875
17 270.8905029296875
18 270.9914855957031
19 271.09326171875
20 271.5502014160156
21 271.5652160644531
22 271.7360534667969
23 272.0982360839844
24 272.2215576171875
25 272.6098327636719
26 272.8570251464844
27 272.965087890625
28 273.0545654296875
29 273.9206318495698
