0 191.59634399414062
1 209.9940185546875
2 214.27841186523438
3 224.14797973632812
4 225.3336181640625
5 228.04803466796875
6 229.1931915283203
7 230.0113525390625
8 232.44900512695312
9 233.70364379882812
10 234.86138916015625
11 237.91856384277344
12 238.58932495117188
13 239.07505798339844
14 239.8193359375
15 240.427734375
16 241.86155700683594
17 242.02349853515625
18 242.05613708496094
19 242.473876953125
20 242.5306854248047
21 244.4876251220703
22 244.77462768554688
23 247.5020751953125
24 247.78692626953125
25 250.3979034423828
26 250.46847534179688
27 250.98081970214844
28 252.06521606445312
29 253.0193634033203
