0 182.39999389648438
1 184.30210876464844
2 184.74664306640625
3 184.7696533203125
4 185.4595489501953
5 185.67388916015625
6 188.23150634765625
7 188.32015991210938
8 189.58545921256265
9 189.904541015625
10 191.1066436767578
11 191.4458770751953
12 191.474365234375
13 191.9678192138672
14 192.41159057617188
15 193.66586303710938
16 194.5403289794922
17 194.69073486328125
18 195.03274536132812
19 195.7362518310547
20 196.06802368164062
21 196.19515991210938
22 196.20571899414062
23 196.5662841796875
24 197.61778259277344
25 197.8270263671875
26 198.16468811035156
27 198.31610107421875
28 198.58502197265625
29 198.6397705078125
