0 207.01918029785156
1 209.4293212890625
2 212.21270751953125
3 213.51498413085938
4 221.4808807373047
5 223.4794158935547
6 223.96084594726562
7 224.01577758789062
8 224.68276977539062
9 226.90933227539062
10 227.81143188476562
11 228.568115234375
12 228.61924743652344
13 228.89723205566406
14 229.35789489746094
15 230.08749389648438
16 230.12713623046875
17 232.11170959472656
18 232.7296142578125
19 232.80870056152344
20 233.25956537917767
21 233.70697021484375
22 234.06613159179688
23 234.289306640625
24 234.3867738444615
25 234.69313049316406
26 234.72903442382812
27 235.09942626953125
28 235.6337127685547
29 236.26040649414062
