0 193.103271484375
1 198.9531707763672
2 200.6080322265625
3 201.4529266357422
4 203.76022338867188
5 205.30801391601562
6 207.92633056640625
7 208.07232666015625
8 208.72792053222656
9 210.8668212890625
10 211.87037658691406
11 211.93492126464844
12 212.3677520751953
13 212.73223876953125
14 212.81358337402344
15 213.32191467285156
16 214.08140563964844
17 214.12939453125
18 214.16078186035156
19 214.41241455078125
20 214.46597290039062
21 215.12167358398438
22 215.23974609375
23 215.25213623046875
24 215.42984008789062
25 215.4604034423828
26 215.5657196044922
27 215.9002227783203
28 216.275146484375
29 216.976917654495
