0 207.41201782226562
1 212.54440307617188
2 216.0565185546875
3 217.29232788085938
4 221.22494506835938
5 227.38279724121094
6 229.69606018066406
7 235.1630859375
8 237.1351318359375
9 238.85433959960938
10 239.28866577148438
11 242.09222412109375
12 243.56898498535156
13 244.1832733154297
14 244.69073486328125
15 245.632080078125
16 248.20799255371094
17 248.52438354492188
18 250.21519470214844
19 254.35299682617188
20 254.38894653320312
21 254.44009399414062
22 255.73703002929688
23 257.4270935058594
24 257.44964599609375
25 257.9593200683594
26 257.96917724609375
27 260.49920654296875
28 261.7091369628906
29 263.17108154296875
