0 189.23056030273438
1 205.23638916015625
2 214.16641235351562
3 215.8648223876953
4 217.65342712402344
5 217.6609649658203
6 223.1923828125
7 229.36227416992188
8 229.85986328125
9 231.73825073242188
10 232.08636192015638
11 233.25625610351562
12 233.2740478515625
13 233.57290649414062
14 234.05384826660156
15 234.4114990234375
16 234.42251586914062
17 234.54275512695312
18 235.13063049316406
19 235.69900512695312
20 235.8047332763672
21 236.179931640625
22 236.5451202392578
23 237.07066345214844
24 238.18409729003906
25 238.20289611816406
26 238.52425770028495
27 238.7249755859375
28 239.01254272460938
29 239.871337890625
