0 236.97061157226562
1 237.43991088867188
2 243.5986328125
3 243.7433624267578
4 244.5225067138672
5 245.6009521484375
6 247.9213409423828
7 250.65072631835938
8 252.43606567382812
9 255.47500610351562
10 255.56820678710938
11 257.52471923828125
12 257.5308532714844
13 258.445556640625
14 258.7474365234375
15 261.39044189453125
16 262.92669677734375
17 263.5448303222656
18 264.9502868652344
19 265.1724853515625
20 265.2161865234375
21 265.3916931152344
22 265.47637939453125
23 266.1614452961112
24 266.56689453125
25 267.0890808105469
26 267.10595703125
27 267.2926940917969
28 267.362548828125
29 267.4317932128906
