0 212.6825408935547
1 214.73851013183594
2 227.72592163085938
3 228.02220153808594
4 228.7159423828125
5 229.16110229492188
6 230.7848358154297
7 231.22129821777344
8 232.3715057373047
9 232.79466247558594
10 233.20208740234375
11 234.98294067382812
12 236.36285400390625
13 238.82601928710938
14 241.28662109375
15 241.70614624023438
16 242.9409637451172
17 243.34510803222656
18 243.88375854492188
19 243.93634033203125
20 243.97218630023815
21 244.58299255371094
22 244.5982208251953
23 244.69970703125
24 245.90313720703125
25 246.0001220703125
26 247.3184356689453
27 247.54080200195312
28 247.64083862304688
29 247.77427673339844
