0 184.9028778076172
1 186.7661590576172
2 190.8507843017578
3 191.00186157226562
4 197.38201904296875
5 197.57003784179688
6 197.66778564453125
7 199.10821533203125
8 199.41696166992188
9 199.71295166015625
10 199.86441040039062
11 200.64381408691406
12 200.92385864257812
13 201.0400848388672
14 201.45957946777344
15 201.73626708984375
16 201.78045654296875
17 201.9163818359375
18 201.9329833984375
19 202.4597930908203
20 202.97964477539062
21 203.51333618164062
22 204.81524658203125
23 204.84503173828125
24 205.04385375976562
25 205.4799654267699
26 205.52113342285156
27 205.7447509765625
28 205.91192626953125
29 206.16368103027344
