0 238.09271240234375
1 245.17970275878906
2 245.6146240234375
3 249.70091247558594
4 250.0950164794922
5 251.29066467285156
6 253.98342895507812
7 254.41177368164062
8 256.0748291015625
9 256.226318359375
10 256.3269348144531
11 256.3389587402344
12 256.48175048828125
13 256.51348876953125
14 256.9100341796875
15 257.3753356933594
16 258.2306823730469
17 258.63363451943354
18 259.07098388671875
19 260.78167724609375
20 261.2780456542969
21 262.05169677734375
22 262.502685546875
23 262.5704040527344
24 262.6195983886719
25 263.42071533203125
26 263.45782470703125
27 263.5254821777344
28 264.0841064453125
29 264.2061462402344
