0 220.93753051757812
1 224.9072723388672
2 225.979248046875
3 227.41119384765625
4 227.82835388183594
5 228.87332153320312
6 229.517333984375
7 231.1039581298828
8 231.90545654296875
9 231.91647338867188
10 232.64947509765625
11 232.69200134277344
12 233.0465087890625
13 234.68356323242188
14 235.17698669433594
15 235.23284912109375
16 235.77005004882812
17 237.14456176757812
18 237.62728881835938
19 238.07298278808594
20 238.26325113262138
21 238.44398498535156
22 238.44967651367188
23 238.50421142578125
24 238.58767700195312
25 238.91989135742188
26 238.95091247558594
27 239.25848388671875
28 239.47425842285156
29 239.69924926757812
