0 243.1346435546875
1 245.89398193359375
2 259.22216796875
3 259.9908752441406
4 261.207763671875
5 267.36767578125
6 268.32183837890625
7 269.29534912109375
8 269.9130554199219
9 271.3608093261719
10 271.6749572753906
11 272.3713684082031
12 273.1739196777344
13 274.4095764160156
14 274.8310852050781
15 275.0718688964844
16 276.3535461425781
17 277.1454772949219
18 279.4745599624856
19 279.51031494140625
20 279.608154296875
21 280.401123046875
22 280.821533203125
23 281.66204833984375
24 282.8122863769531
25 282.87841796875
26 282.92486572265625
27 283.82122802734375
28 283.97259521484375
29 284.0594482421875
