0 203.62135314941406
1 204.05007934570312
2 207.22842407226562
3 211.16957092285156
4 212.060302734375
5 212.36959838867188
6 213.11978149414062
7 215.1862030029297
8 215.1862030029297
9 217.5000762939453
10 217.810791015625
11 219.0304412841797
12 219.25286865234375
13 219.378662109375
14 219.5187530517578
15 219.7173614501953
16 220.77345275878906
17 220.91134643554688
18 221.59217834472656
19 222.23951721191406
20 222.98516845703125
21 223.3555238910971
22 223.93519592285156
23 224.36070251464844
24 224.3762969970703
25 225.0479736328125
26 225.98196411132812
27 226.07098388671875
28 226.21920776367188
29 226.373779296875
