0 259.68731689453125
1 262.4072265625
2 263.3526611328125
3 263.8211364746094
4 265.63348388671875
5 266.5086669921875
6 266.83837890625
7 268.1694030761719
8 268.5111083984375
9 268.879150390625
10 269.078857421875
11 269.25482177734375
12 270.1099853515625
13 270.3913269042969
14 270.4903564453125
15 270.93255615234375
16 271.16162109375
17 271.69866943359375
18 271.701416015625
19 271.7083435058594
20 271.853515625
21 272.2008361816406
22 272.2952575683594
23 272.4539489746094
24 272.7913513183594
25 272.83819580078125
26 272.9340515136719
27 272.9942321777344
28 273.7301025390625
29 273.8190002441406
