0 215.5455606945634
1 217.20382690429688
2 220.60488891601562
3 221.22943115234375
4 221.43673706054688
5 223.7458953857422
6 223.8483428955078
7 226.02662658691406
8 226.08786010742188
9 226.9945068359375
10 228.1231737168195
11 229.34783935546875
12 230.6342315673828
13 231.5230712890625
14 232.1039276123047
15 232.2476806640625
16 232.54248046875
17 232.58535766601562
18 232.58839416503906
19 232.65182495117188
20 233.21473693847656
21 233.4300537109375
22 233.86141967773438
23 234.0066375732422
24 234.25271606445312
25 234.4210968017578
26 235.13967895507812
27 235.52487182617188
28 235.6166534423828
29 235.63623046875
