0 221.19210815429688
1 223.35052490234375
2 224.57582806946456
3 224.65701293945312
4 224.7971954345703
5 224.81333923339844
6 225.6641845703125
7 225.98297119140625
8 226.59100341796875
9 226.59197998046875
10 227.04583740234375
11 227.20643615722656
12 227.45265197753906
13 227.92660522460938
14 228.1992645263672
15 228.29144287109375
16 228.6093292236328
17 228.66116333007812
18 228.73516845703125
19 228.76751708984375
20 228.8035888671875
21 229.08602905273438
22 229.4705047607422
23 229.85800170898438
24 230.0659942626953
25 230.16546630859375
26 230.32528686523438
27 230.6302032470703
28 230.8577117919922
29 231.21469116210938
