0 182.0733642578125
1 195.43240356445312
2 200.20166015625
3 207.21585083007812
4 214.25454711914062
5 228.7265625
6 229.96511840820312
7 230.74537658691406
8 232.40081787109375
9 237.42803955078125
10 237.67776489257812
11 238.076904296875
12 238.35679626464844
13 239.6448211669922
14 239.8316650390625
15 241.38970947265625
16 242.21006774902344
17 242.813720703125
18 243.02618408203125
19 243.0402069091797
20 243.0641632080078
21 243.07276916503906
22 243.7885284423828
23 244.456787109375
24 244.6383819580078
25 244.85403442382812
26 245.27215576171875
27 245.6072998046875
28 245.77630615234375
29 245.78237915039062
