0 157.57130432128906
1 170.7002716064453
2 177.98443603515625
3 216.49771118164062
4 218.1453094482422
5 218.48472595214844
6 220.49722290039062
7 222.07598876953125
8 223.55209350585938
9 223.790283203125
10 224.6690216064453
11 226.07708740234375
12 226.24847412109375
13 226.31903076171875
14 228.39503479003906
15 230.90460205078125
16 230.97779846191406
17 231.3489227294922
18 231.39743041992188
19 232.72398376464844
20 232.78113175856546
21 233.27862548828125
22 233.53097534179688
23 233.7236785888672
24 234.3006591796875
25 234.78765869140625
26 235.56668090820312
27 235.79385375976562
28 235.81134033203125
29 236.0479736328125
