0 259.915771484375
1 259.9632873535156
2 261.64923095703125
3 262.2372741699219
4 262.6041259765625
5 265.76531982421875
6 267.226806640625
7 267.2657470703125
8 267.4191589355469
9 267.4866943359375
10 268.20953369140625
11 268.2427673339844
12 269.90484619140625
13 269.9533996582031
14 270.0289306640625
15 270.5835232038335
16 271.78173828125
17 272.1504211425781
18 273.1809387207031
19 273.2392883300781
20 273.95458984375
21 274.384521484375
22 274.8420104980469
23 275.0904846191406
24 275.1163330078125
25 275.148193359375
26 275.4162292480469
27 275.6650390625
28 275.6896667480469
29 275.7265625
