0 194.6114959716797
1 196.99981689453125
2 203.15786743164062
3 206.8104248046875
4 208.51405334472656
5 209.27232360839844
6 209.8095703125
7 209.88031005859375
8 212.36636352539062
9 213.39183044433594
10 213.40122985839844
11 214.66677856445312
12 215.26693725585938
13 218.4730682373047
14 218.58885192871094
15 218.6687774658203
16 219.39584350585938
17 219.62998962402344
18 220.18145751953125
19 220.74041748046875
20 221.27597045898438
21 221.4102783203125
22 221.4835205078125
23 221.56594848632812
24 221.66111755371094
25 222.13021850585938
26 222.20040893554688
27 222.85369873046875
28 223.090087890625
29 223.26560974121094
