0 158.57803344726562
1 170.8075408935547
2 176.44395446777344
3 176.72369384765625
4 178.9014892578125
5 179.56765747070312
6 182.2486114501953
7 183.50454711914062
8 185.47178649902344
9 186.61874389648438
10 186.9894561767578
11 187.4292449951172
12 188.0102996826172
13 188.17539978027344
14 188.94512939453125
15 189.48056030273438
16 189.65982055664062
17 189.69717407226562
18 190.2269744873047
19 191.8642578125
20 192.1409912109375
21 192.20240783691406
22 192.51416015625
23 192.53904724121094
24 192.70172119140625
25 192.84872436523438
26 193.36624145507812
27 194.05702209472656
28 194.20498657226562
29 194.5546875
