0 209.8534393310547
1 211.21005249023438
2 212.1282196044922
3 216.1615447998047
4 216.32583618164062
5 217.03610229492188
6 218.02780151367188
7 220.1005859375
8 220.4229278564453
9 220.83395385742188
10 221.3598175048828
11 221.78538513183594
12 222.49908447265625
13 222.56943411125542
14 222.62838745117188
15 222.89028930664062
16 223.41952514648438
17 223.63119506835938
18 224.06068420410156
19 227.13027954101562
20 227.29156494140625
21 228.009765625
22 228.01206970214844
23 228.24766540527344
24 228.44076538085938
25 228.4804229736328
26 228.53721618652344
27 229.05577087402344
28 229.2679901123047
29 229.52586364746094
