0 182.08877563476562
1 227.05735778808594
2 233.4558563232422
3 245.10296630859375
4 252.87684631347656
5 253.32943725585938
6 254.57577514648438
7 255.27674865722656
8 258.57135009765625
9 259.03033447265625
10 260.11468505859375
11 261.7255554199219
12 262.5543518066406
13 263.259033203125
14 263.4352111816406
15 263.4393615722656
16 264.92913818359375
17 265.305908203125
18 266.2886962890625
19 266.4820556640625
20 266.7393493652344
21 267.8736877441406
22 268.67093519723977
23 268.8260498046875
24 269.20697021484375
25 270.2318115234375
26 270.5566101074219
27 270.7100524902344
28 271.41693115234375
29 271.64312744140625
