0 220.54710388183594
1 220.8978729248047
2 222.60108947753906
3 222.74856567382812
4 224.936767578125
5 226.6156005859375
6 227.96917724609375
7 228.66246032714844
8 230.35653686523438
9 231.41748046875
10 232.00376892089844
11 232.804920939786
12 233.4539031982422
13 233.6737518310547
14 234.52052307128906
15 234.54624938964844
16 234.61782836914062
17 234.81333923339844
18 235.70416259765625
19 236.47781372070312
20 236.92507934570312
21 237.2661590576172
22 238.14915466308594
23 238.88650512695312
24 239.3022003173828
25 240.13134765625
26 240.59335327148438
27 240.6230926513672
28 241.1990966796875
29 241.442626953125
