0 235.46751403808594
1 237.59045571972598
2 237.8443145751953
3 238.35870361328125
4 240.25491333007812
5 243.77810668945312
6 250.86203002929688
7 251.51251220703125
8 251.73898315429688
9 252.2490997314453
10 253.8712615966797
11 254.9444580078125
12 255.96510314941406
13 257.0268249511719
14 257.12261962890625
15 257.156982421875
16 257.6063232421875
17 259.1107482910156
18 259.2847595214844
19 260.61871337890625
20 260.68096923828125
21 260.8645324707031
22 261.3291931152344
23 261.82061767578125
24 262.5523681640625
25 262.65557861328125
26 262.82928466796875
27 263.04901123046875
28 263.3938293457031
29 263.623291015625
