0 149.926513671875
1 167.70216369628906
2 168.30279541015625
3 170.05921936035156
4 170.3975372314453
5 170.61399841308594
6 171.267578125
7 171.7357177734375
8 171.87998962402344
9 171.90914916992188
10 172.31544494628906
11 173.94464111328125
12 174.29920959472656
13 174.62310791015625
14 174.74740600585938
15 175.1268310546875
16 176.14683532714844
17 176.99050903320312
18 177.15858459472656
19 177.6250762939453
20 177.73794555664062
21 178.77769470214844
22 179.23892211914062
23 179.37002563476562
24 179.89910888671875
25 180.10977172851562
26 180.52944946289062
27 181.0721893310547
28 182.12704467773438
29 182.4593963623047
