0 209.76805114746094
1 216.42774963378906
2 227.2095947265625
3 229.51039123535156
4 231.43441772460938
5 233.06390380859375
6 233.75299072265625
7 237.4148712158203
8 237.50173950195312
9 237.87948608398438
10 240.12298583984375
11 240.18341064453125
12 240.9187774658203
13 241.6265869140625
14 242.632568359375
15 242.93893432617188
16 243.0779571533203
17 243.22117614746094
18 243.5185089111328
19 243.68527221679688
20 243.71539306640625
21 244.49029541015625
22 244.52093505859375
23 244.93988037109375
24 244.98556518554688
25 245.33935546875
26 246.03634643554688
27 246.21115112304688
28 246.53314208984375
29 246.88906860351562
