0 192.5762481689453
1 197.3138427734375
2 199.0315399169922
3 202.64874267578125
4 203.2176513671875
5 204.46417236328125
6 204.9684295654297
7 206.19589233398438
8 209.44842529296875
9 210.4085693359375
10 211.30877685546875
11 212.2543182373047
12 215.30609130859375
13 216.32029724121094
14 216.50704956054688
15 216.88555908203125
16 217.73654174804688
17 218.77120971679688
18 219.8400421142578
19 222.6961212158203
20 222.7885284423828
21 224.92788696289062
22 225.12420654296875
23 225.2711639404297
24 225.65328979492188
25 225.82864379882812
26 225.92208862304688
27 226.28237915039062
28 226.54238891601562
29 226.5594482421875
