0 208.5858612060547
1 210.33169555664062
2 218.61099243164062
3 225.03106689453125
4 228.26625061035156
5 230.75527954101562
6 235.26217651367188
7 235.62939453125
8 236.95172119140625
9 238.57656860351562
10 239.8621368408203
11 239.869384765625
12 240.1172332763672
13 240.39901733398438
14 241.10694885253906
15 242.41744995117188
16 243.95883178710938
17 244.4874267578125
18 245.72930908203125
19 247.8424530029297
20 247.90411376953125
21 248.2458953857422
22 248.33529663085938
23 248.6536102294922
24 249.7647705078125
25 251.5780029296875
26 251.6060791015625
27 251.80776977539062
28 251.90711975097656
29 251.94822692871094
