0 188.42266845703125
1 208.50489807128906
2 211.26980590820312
3 214.75848388671875
4 215.02133178710938
5 217.09649658203125
6 217.49105834960938
7 218.50350952148438
8 218.84877014160156
9 218.99893188476562
10 222.04916381835938
11 222.3642120361328
12 222.4005126953125
13 222.82614135742188
14 226.93991088867188
15 226.95266723632812
16 227.6097412109375
17 227.66928100585938
18 229.54404814649757
19 229.85885620117188
20 229.8902587890625
21 230.06837463378906
22 230.0992431640625
23 230.36375427246094
24 230.62420654296875
25 230.94354248046875
26 231.11605834960938
27 231.2164306640625
28 231.504638671875
29 231.6964874267578
