0 191.33663940429688
1 192.9346923828125
2 193.66567993164062
3 195.61012268066406
4 196.24412536621094
5 197.16937255859375
6 197.609619140625
7 198.8459930419922
8 200.405517578125
9 201.06546020507812
10 201.42445373535156
11 202.2696075439453
12 202.69891357421875
13 202.8812713623047
14 203.28614807128906
15 203.3368682861328
16 204.11666870117188
17 204.2703399658203
18 204.31613159179688
19 204.6351318359375
20 204.7373809814453
21 205.43678283691406
22 205.4681396484375
23 205.5919952392578
24 205.83839416503906
25 206.27572631835938
26 206.33421325683594
27 206.35751342773438
28 206.57479858398438
29 206.76531982421875
