0 358.7674865722656
1 359.837646484375
2 359.9810485839844
3 364.2607421875
4 364.37445068359375
5 364.6850891113281
6 368.2501220703125
7 368.2752990722656
8 370.5257568359375
9 371.5436706542969
10 372.4854736328125
11 372.6830438743382
12 372.9549255371094
13 373.49847412109375
14 374.7247619628906
15 374.76470947265625
16 376.84869384765625
17 376.919677734375
18 377.1278076171875
19 377.3847961425781
20 377.99041748046875
21 378.5011291503906
22 379.1035461425781
23 379.3367004394531
24 379.49188232421875
25 379.9160461425781
26 380.12945556640625
27 381.04052734375
28 381.0976257324219
29 381.2691345214844
