0 200.60049438476562
1 208.79818725585938
2 210.5196990966797
3 214.73574829101562
4 215.8328857421875
5 219.4655303955078
6 219.7388916015625
7 219.76220703125
8 223.66945599091738
9 223.81021118164062
10 223.9490966796875
11 224.67135620117188
12 226.47750854492188
13 226.75833129882812
14 227.0384979248047
15 227.54278564453125
16 227.5713348388672
17 227.95877075195312
18 227.9974365234375
19 228.5413055419922
20 229.19253540039062
21 231.21920776367188
22 231.6217041015625
23 231.88543701171875
24 232.10263061523438
25 232.1339111328125
26 232.88735961914062
27 233.01400756835938
28 233.3140106201172
29 233.35523986816406
