0 146.7723388671875
1 169.69923400878906
2 170.5186309814453
3 171.6282958984375
4 173.5477752685547
5 174.05340576171875
6 175.8654327392578
7 177.0503387451172
8 179.0316162109375
9 179.12672424316406
10 179.1514892578125
11 179.9766845703125
12 180.82101440429688
13 181.01513671875
14 182.42953491210938
15 182.64987182617188
16 184.12704467773438
17 184.33299255371094
18 184.49258422851562
19 184.93344116210938
20 185.62615966796875
21 185.82461547851562
22 185.862060546875
23 185.8632049560547
24 186.07339477539062
25 186.11614990234375
26 186.96580505371094
27 186.98768615722656
28 187.26800537109375
29 187.3953857421875
