0 247.07806396484375
1 252.77792358398438
2 257.2218017578125
3 259.6354064941406
4 260.8570251464844
5 261.4738464355469
6 261.51593017578125
7 261.58343505859375
8 263.2236633300781
9 263.3169860839844
10 266.5417175292969
11 267.323974609375
12 268.77398681640625
13 270.1671447753906
14 270.2610778808594
15 270.3070373535156
16 270.361328125
17 270.527587890625
18 270.90435791015625
19 271.0774841308594
20 273.2247314453125
21 273.30419921875
22 273.44061279296875
23 273.64923095703125
24 273.66192626953125
25 274.2953186035156
26 275.2079162597656
27 275.31178575561603
28 275.5918884277344
29 275.677978515625
