0 224.39228054296552
1 227.25369262695312
2 235.68310546875
3 248.393798828125
4 248.63992309570312
5 251.82501220703125
6 253.38320922851562
7 254.74346923828125
8 254.90586853027344
9 256.9502868652344
10 257.8185729980469
11 261.7506103515625
12 262.9082946777344
13 263.0157470703125
14 263.4322509765625
15 264.05194091796875
16 264.147216796875
17 264.6996154785156
18 264.8913269042969
19 265.4167175292969
20 266.04241943359375
21 266.70001220703125
22 266.91729736328125
23 266.96722412109375
24 266.9912414550781
25 267.0843811035156
26 267.23370361328125
27 267.25177001953125
28 267.387451171875
29 267.75030517578125
