0 223.54043579101562
1 227.97898864746094
2 239.10987854003906
3 249.1689453125
4 251.46681213378906
5 252.75338745117188
6 253.40948486328125
7 253.7272186279297
8 254.95013427734375
9 255.04244995117188
10 256.5762939453125
11 257.0403747558594
12 259.33111572265625
13 263.015625
14 263.24786376953125
15 263.4688415527344
16 263.476806640625
17 264.09344482421875
18 264.64019775390625
19 264.9326171875
20 265.705810546875
21 266.13653564453125
22 267.35430908203125
23 267.816162109375
24 267.8318786621094
25 267.8543701171875
26 267.87969970703125
27 268.2401123046875
28 268.53314208984375
29 268.77166748046875
