0 181.35195922851562
1 184.0452880859375
2 186.9816131591797
3 189.65176391601562
4 189.73403930664062
5 190.90289306640625
6 192.2496337890625
7 192.26416015625
8 193.4009552001953
9 193.497314453125
10 193.55294799804688
11 194.08494567871094
12 194.73980712890625
13 195.26699829101562
14 195.8870849609375
15 196.37408447265625
16 196.62130737304688
17 196.91893005371094
18 197.14776611328125
19 197.24679565429688
20 197.57562255859375
21 198.1246337890625
22 198.8174591064453
23 199.09791564941406
24 199.69161987304688
25 200.00315856933594
26 200.18423461914062
27 200.20767211914062
28 200.48245239257812
29 200.93429565429688
