0 244.04556274414062
1 248.0763702392578
2 250.94619750976562
3 253.98855590820312
4 260.0168762207031
5 260.719650514542
6 260.79388427734375
7 261.2095947265625
8 263.047119140625
9 264.4600524902344
10 264.5142517089844
11 265.5541687011719
12 265.7989196777344
13 265.8375244140625
14 266.2965087890625
15 267.36358642578125
16 267.8223571777344
17 270.6337890625
18 270.93109130859375
19 271.42181396484375
20 271.46600341796875
21 271.73980712890625
22 272.366943359375
23 272.84686279296875
24 273.1867370605469
25 273.5076904296875
26 273.68524169921875
27 273.69171142578125
28 273.70574951171875
29 274.1639404296875
