0 220.83685302734375
1 226.87701416015625
2 227.1650390625
3 232.64230346679688
4 233.3040771484375
5 234.46170043945312
6 234.68748474121094
7 235.40850830078125
8 236.06015014648438
9 236.97439575195312
10 237.31668090820312
11 237.61639404296875
12 238.42909240722656
13 238.77197265625
14 239.09361267089844
15 240.6408233642578
16 240.69192504882812
17 240.88014221191406
18 241.97158813476562
19 242.0543212890625
20 243.44056701660156
21 244.84051513671875
22 245.1876220703125
23 245.7982177734375
24 247.1961212158203
25 247.94631958007812
26 248.30442810058594
27 248.65957641601562
28 249.45870971679688
29 250.12808227539062
