0 182.39410400390625
1 212.8467559814453
2 214.60098266601562
3 216.32424926757812
4 216.8699493408203
5 219.97154235839844
6 220.8845977783203
7 222.64776611328125
8 223.88357543945312
9 224.51779174804688
10 224.5709228515625
11 225.164794921875
12 225.22171020507812
13 225.22323608398438
14 226.23553466796875
15 226.8299102783203
16 228.30795288085938
17 228.3308563232422
18 228.6500701904297
19 228.939208984375
20 228.9470977783203
21 229.09921264648438
22 229.20741271972656
23 229.37928771972656
24 229.6314697265625
25 230.4453887939453
26 230.49615478515625
27 231.35247802734375
28 231.74893188476562
29 231.91648864746094
