0 163.10110473632812
1 163.4192352294922
2 166.78269958496094
3 169.3225555419922
4 170.7266387939453
5 172.13656616210938
6 174.13194274902344
7 174.77011108398438
8 175.1626434326172
9 176.34698486328125
10 178.25347900390625
11 179.6355438232422
12 180.02175903320312
13 180.36187744140625
14 180.3694305419922
15 181.08226013183594
16 181.95196533203125
17 182.3846893310547
18 182.50518798828125
19 182.5937957763672
20 182.93203735351562
21 182.93865966796875
22 183.42626953125
23 183.66571044921875
24 184.00477600097656
25 184.3113555908203
26 184.34799194335938
27 184.54574584960938
28 184.54730224609375
29 185.1537322998047
