0 159.59799194335938
1 166.4154510498047
2 186.52554321289062
3 191.14627075195312
4 197.22866821289062
5 206.133544921875
6 209.8101043701172
7 211.2842559814453
8 212.88937377929688
9 213.85227966308594
10 214.86521911621094
11 216.51893615722656
12 216.67800903320312
13 216.67959594726562
14 217.16177368164062
15 217.57249450683594
16 217.92608642578125
17 218.23675537109375
18 218.84970092773438
19 218.8575897216797
20 219.4441680908203
21 220.04208374023438
22 220.42019653320312
23 220.43881225585938
24 221.86776733398438
25 221.89404296875
26 222.09179143439167
27 222.215087890625
28 222.83970642089844
29 222.86968994140625
