0 193.16505432128906
1 197.791259765625
2 198.04757690429688
3 198.23895263671875
4 198.57398986816406
5 199.23052978515625
6 201.35836791992188
7 202.47531127929688
8 203.0067596435547
9 204.52894592285156
10 204.88607788085938
11 204.98526000976562
12 205.56451416015625
13 206.593017578125
14 206.61334228515625
15 206.63278198242188
16 207.22509765625
17 207.58010864257812
18 207.85400390625
19 208.2471923828125
20 208.8214111328125
21 208.88963317871094
22 209.58851668798314
23 209.63345336914062
24 210.16943359375
25 210.92518615722656
26 211.05215454101562
27 211.37442016601562
28 211.39614868164062
29 211.63536071777344
