0 252.78033447265625
1 258.78411865234375
2 259.7132568359375
3 261.62762451171875
4 261.945556640625
5 262.26068115234375
6 262.51220703125
7 262.8896484375
8 263.1705017089844
9 265.65283203125
10 266.6053771972656
11 267.02490234375
12 267.29669189453125
13 267.9363098144531
14 268.6427917480469
15 269.46734619140625
16 270.1432800292969
17 270.24273681640625
18 270.56195068359375
19 270.6687927246094
20 270.73529052734375
21 271.0453796386719
22 273.2257385253906
23 274.0543518066406
24 274.5547790527344
25 274.799560546875
26 275.0340576171875
27 275.79901123046875
28 276.1356201171875
29 276.22015380859375
