0 194.0021514892578
1 222.13034057617188
2 227.62814331054688
3 230.75868225097656
4 230.88339233398438
5 231.17787170410156
6 231.7615966796875
7 232.1512908935547
8 232.58309936523438
9 233.61080932617188
10 234.22698974609375
11 234.73471069335938
12 235.85501098632812
13 236.15980529785156
14 236.30381774902344
15 236.3515625
16 236.38216200184073
17 236.58450317382812
18 236.82748413085938
19 237.0123291015625
20 237.21446228027344
21 237.88351440429688
22 238.7139892578125
23 239.9556884765625
24 240.08645629882812
25 240.19581604003906
26 240.3263702392578
27 240.71881103515625
28 241.34432983398438
29 241.385498046875
