0 181.67156982421875
1 182.7805633544922
2 185.20309448242188
3 190.83978271484375
4 191.3038787841797
5 191.54498291015625
6 192.52035522460938
7 193.43304443359375
8 193.7694091796875
9 194.03543090820312
10 194.60877990722656
11 196.1482696533203
12 196.3153076171875
13 197.04795837402344
14 198.37579345703125
15 198.88462829589844
16 199.5413818359375
17 199.83489990234375
18 200.16563415527344
19 200.4871826171875
20 200.68301391601562
21 201.1663818359375
22 201.71694946289062
23 201.9611358642578
24 202.00949096679688
25 202.024169921875
26 202.12391662597656
27 202.37319946289062
28 202.4453582763672
29 202.6927490234375
