0 236.10621643066406
1 253.37945556640625
2 253.7644500732422
3 253.9795379638672
4 254.38888549804688
5 255.29339599609375
6 258.4692077636719
7 258.8800354003906
8 259.1263427734375
9 261.84014892578125
10 263.267333984375
11 264.1466979980469
12 264.1800537109375
13 265.9792785644531
14 266.71868896484375
15 267.0100402832031
16 267.49285888671875
17 267.6080627441406
18 269.7311706542969
19 271.2901611328125
20 271.3468017578125
21 271.498291015625
22 271.9649658203125
23 272.72198486328125
24 273.0168151855469
25 273.0489196777344
26 273.271240234375
27 273.5604553222656
28 273.7366943359375
29 273.8514099121094
