0 224.81097412109375
1 227.32742309570312
2 230.54562377929688
3 234.84877014160156
4 240.1414031982422
5 240.67855834960938
6 243.38259887695312
7 244.5576934814453
8 246.75425720214844
9 247.20103454589844
10 247.28189086914062
11 248.31129342703653
12 248.4293670654297
13 248.82794189453125
14 249.31382751464844
15 250.38829040527344
16 250.88464810257267
17 250.99807739257812
18 251.5170440673828
19 252.1198272705078
20 252.2133331298828
21 252.46177673339844
22 252.950439453125
23 253.29782104492188
24 253.38040161132812
25 253.4198760986328
26 254.24281311035156
27 254.36904907226562
28 254.6220703125
29 254.7692108154297
