0 208.3342742919922
1 211.9320526123047
2 214.5364532470703
3 222.79575714508942
4 223.14300537109375
5 226.3238983154297
6 227.49923706054688
7 229.36656188964844
8 229.51918029785156
9 230.05502319335938
10 231.3389434814453
11 231.48995971679688
12 234.2813720703125
13 234.96881103515625
14 235.13645935058594
15 235.99713134765625
16 236.65924072265625
17 238.07778930664062
18 238.44143676757812
19 238.8540496826172
20 238.927001953125
21 239.2154541015625
22 239.3419647216797
23 239.61199951171875
24 239.93043518066406
25 239.93235778808594
26 240.58934020996094
27 241.15370178222656
28 241.68084716796875
29 241.91183471679688
