0 214.28131103515625
1 221.6811981201172
2 224.05593872070312
3 224.39430236816406
4 224.5773468017578
5 229.10353088378906
6 229.51268005371094
7 230.57424926757812
8 230.8032684326172
9 230.82801818847656
10 234.6269073486328
11 234.83554077148438
12 235.4336700439453
13 237.46795654296875
14 237.49240112304688
15 238.47975158691406
16 238.71763610839844
17 239.40362548828125
18 240.33889770507812
19 240.59310913085938
20 241.81642150878906
21 242.37380981445312
22 242.39918518066406
23 243.4432830810547
24 245.00723266601562
25 245.2868194580078
26 246.04644775390625
27 246.439453125
28 246.6996612548828
29 247.26119995117188
