0 222.35646057128906
1 224.71592712402344
2 227.94676208496094
3 229.17222595214844
4 229.51773071289062
5 229.59881591796875
6 229.9024658203125
7 230.65521240234375
8 232.08824157714844
9 232.11077880859375
10 232.850830078125
11 233.79998779296875
12 233.8066864013672
13 233.98641967773438
14 234.0224151611328
15 234.67620849609375
16 234.76162719726562
17 235.43978881835938
18 235.5521697998047
19 235.55224609375
20 235.76353454589844
21 236.3626251220703
22 236.48809814453125
23 236.68826293945312
24 236.9356689453125
25 237.40293884277344
26 237.7125244140625
27 237.9398738585872
28 238.3349609375
29 238.75027465820312
