0 199.69940185546875
1 201.14620971679688
2 201.47708129882812
3 201.60618591308594
4 202.75344848632812
5 203.66200256347656
6 204.978759765625
7 205.19476318359375
8 205.59585571289062
9 206.4955596923828
10 207.974365234375
11 208.46905517578125
12 209.61053466796875
13 209.74530029296875
14 209.75198364257812
15 210.80813598632812
16 210.92408752441406
17 211.24404907226562
18 211.26646423339844
19 212.65467834472656
20 212.78123474121094
21 213.00137329101562
22 213.0554656982422
23 213.18719482421875
24 213.43087768554688
25 213.51461791992188
26 213.58486938476562
27 213.83706665039062
28 213.9654998779297
29 214.08615112304688
