0 182.61985778808594
1 183.10214233398438
2 189.29910278320312
3 189.54197692871094
4 192.30838012695312
5 195.39352416992188
6 196.04014587402344
7 196.91294860839844
8 196.9324951171875
9 198.2123260498047
10 198.77877807617188
11 200.45330810546875
12 200.7020263671875
13 205.37167358398438
14 206.7024688720703
15 206.85882568359375
16 206.9476318359375
17 207.1078643798828
18 207.26727294921875
19 208.9373016357422
20 209.0345916748047
21 209.3682861328125
22 209.5283203125
23 209.64649963378906
24 209.94961547851562
25 210.7733612060547
26 211.38992309570312
27 212.07586669921875
28 212.15286254882812
29 213.60244750976562
