0 150.97012329101562
1 161.3828125
2 187.20626831054688
3 191.03317260742188
4 195.34365844726562
5 200.892822265625
6 202.7898712158203
7 203.19961547851562
8 206.38304138183594
9 207.5476837158203
10 208.7148895263672
11 208.8375701904297
12 209.06826782226562
13 209.9791259765625
14 211.08840942382812
15 211.42865857410422
16 211.73780822753906
17 211.7853240966797
18 212.79751586914062
19 213.16441345214844
20 213.44619750976562
21 214.66387939453125
22 215.22665405273438
23 215.30552673339844
24 215.6203155517578
25 216.35890197753906
26 216.48260498046875
27 216.62367248535156
28 216.67138671875
29 216.74635314941406
