0 211.0101318359375
1 235.11343383789062
2 236.15560913085938
3 236.70654296875
4 237.93994140625
5 241.17237854003906
6 241.30381774902344
7 241.87969970703125
8 242.3681640625
9 242.5104217529297
10 242.98377990722656
11 244.8535919189453
12 245.16806030273438
13 247.77609252929688
14 248.2407989501953
15 251.1647186279297
16 251.3139190673828
17 251.36817932128906
18 251.38717651367188
19 251.57650756835938
20 253.1668701171875
21 253.18768310546875
22 253.37696838378906
23 254.07260131835938
24 254.64865112304688
25 254.84962463378906
26 254.932861328125
27 255.20533752441406
28 255.82220458984375
29 255.95465087890625
