0 204.63104248046875
1 208.250732421875
2 209.17550659179688
3 215.03858947753906
4 215.86077880859375
5 219.5131378173828
6 219.54006958007812
7 224.16677856445312
8 224.34884643554688
9 226.80087280273438
10 226.82061767578125
11 227.29139709472656
12 228.4335174560547
13 228.98171997070312
14 229.2689666748047
15 232.70849609375
16 233.63973999023438
17 235.25650024414062
18 235.7747802734375
19 236.23057556152344
20 237.16981506347656
21 237.67263793945312
22 237.68405151367188
23 240.9733123779297
24 241.16732788085938
25 241.42965698242188
26 241.70376586914062
27 242.14285278320312
28 242.6130828857422
29 242.83419799804688
