0 184.25730895996094
1 193.9807586669922
2 196.2799530029297
3 198.68798828125
4 203.36416625976562
5 203.7324981689453
6 204.03321838378906
7 204.13079833984375
8 204.99655151367188
9 206.62982177734375
10 206.99766540527344
11 207.31393463451565
12 207.40708923339844
13 208.7268829345703
14 208.79774475097656
15 209.12625122070312
16 209.31781136374443
17 211.7103271484375
18 212.85556030273438
19 213.89906311035156
20 214.09896850585938
21 215.52870178222656
22 215.82179260253906
23 216.84347534179688
24 217.21673583984375
25 217.52732849121094
26 217.85787963867188
27 219.11367797851562
28 219.29830932617188
29 219.34811401367188
