0 219.53564453125
1 227.3782958984375
2 228.69903564453125
3 236.2328338623047
4 240.31393432617188
5 240.53274536132812
6 240.57760620117188
7 244.82516479492188
8 245.4655303955078
9 247.31072998046875
10 247.38784790039062
11 248.59536743164062
12 251.27175903320312
13 253.34854125976562
14 254.19818115234375
15 254.4316864013672
16 254.55543518066406
17 255.07070922851562
18 255.13783264160156
19 255.89883422851562
20 256.3919982910156
21 256.4487609863281
22 258.3341064453125
23 258.54833984375
24 258.72900390625
25 258.9747314453125
26 259.12762451171875
27 259.68292236328125
28 260.0547790527344
29 260.28204345703125
