0 204.16229248046875
1 204.5124053955078
2 206.1105194091797
3 206.96267700195312
4 206.99453735351562
5 208.5894317626953
6 209.15505981445312
7 209.31167602539062
8 210.73162841796875
9 211.07388305664062
10 211.7297791221789
11 211.84295654296875
12 211.8447265625
13 212.07372484707685
14 212.10699462890625
15 212.85948181152344
16 213.1186065673828
17 213.63128662109375
18 213.73922729492188
19 213.77304077148438
20 214.25381469726562
21 214.44346618652344
22 214.54541015625
23 214.90768432617188
24 215.3555450439453
25 216.65310668945312
26 216.93191528320312
27 217.41644287109375
28 217.61485290527344
29 217.85617065429688
