0 276.62255859375
1 282.36395263671875
2 284.9530944824219
3 288.03539830899444
4 288.4564514160156
5 291.04852294921875
6 291.27532958984375
7 291.53948974609375
8 293.2169189453125
9 293.3995056152344
10 293.71905517578125
11 294.1200866699219
12 294.2508239746094
13 294.66705322265625
14 294.83099365234375
15 295.71441650390625
16 295.8572998046875
17 296.18743896484375
18 296.2155246810987
19 296.33709716796875
20 297.2762451171875
21 297.6702880859375
22 297.7319030761719
23 298.39501953125
24 298.537109375
25 298.65478515625
26 298.9490966796875
27 298.97760009765625
28 299.42047119140625
29 299.4850769042969
