0 217.74691772460938
1 230.524169921875
2 234.65213012695312
3 236.78952026367188
4 237.67852783203125
5 239.26458740234375
6 240.34353637695312
7 240.4703369140625
8 248.57901000976562
9 248.6112518310547
10 248.94346618652344
11 249.533203125
12 249.57046508789062
13 249.67995283858667
14 250.05618286132812
15 250.50717163085938
16 250.7227325439453
17 251.10031127929688
18 251.17242431640625
19 252.58087158203125
20 252.6719970703125
21 252.8306121826172
22 253.323974609375
23 253.4129180908203
24 253.483154296875
25 253.54185485839844
26 253.6048126220703
27 253.90185546875
28 254.06619262695312
29 254.0987091064453
