0 224.52139282226562
1 231.76376342773438
2 239.18768310546875
3 241.7548828125
4 241.9738006591797
5 242.79415893554688
6 244.2371826171875
7 245.20419311523438
8 245.552490234375
9 246.61219787597656
10 247.6396484375
11 249.26663208007812
12 250.32176208496094
13 251.13656616210938
14 251.79861450195312
15 251.8681640625
16 252.56588745117188
17 252.58071899414062
18 253.42837524414062
19 253.64788818359375
20 253.79336547851562
21 253.96371459960938
22 254.01596069335938
23 254.0419158935547
24 254.36953735351562
25 254.4795160832266
26 254.5498046875
27 255.60858154296875
28 256.07586669921875
29 256.12823486328125
