0 129.20025634765625
1 216.7321014404297
2 223.24664306640625
3 225.71290588378906
4 227.00306701660156
5 231.08352661132812
6 231.4190673828125
7 233.84735107421875
8 234.9365997314453
9 235.00885009765625
10 235.518310546875
11 236.31565856933594
12 236.85374450683594
13 237.30633544921875
14 238.12957763671875
15 238.98809814453125
16 239.45616149902344
17 239.8507843017578
18 240.873046875
19 241.783203125
20 241.8822784423828
21 242.03134155273438
22 242.08523559570312
23 242.09573364257812
24 242.29833984375
25 242.8942108154297
26 243.02639770507812
27 243.1793212890625
28 243.37791442871094
29 243.59432983398438
