0 221.2833709716797
1 225.0635986328125
2 234.15090942382812
3 234.5364227294922
4 239.2505340576172
5 241.31065368652344
6 242.32135009765625
7 243.4346923828125
8 243.92138671875
9 245.33065795898438
10 246.651123046875
11 246.9912109375
12 247.00418090820312
13 248.44313049316406
14 248.47555541992188
15 249.32826232910156
16 249.4145050048828
17 250.29600524902344
18 250.469970703125
19 250.50833129882812
20 251.02720642089844
21 251.1834716796875
22 251.28567504882812
23 251.90737915039062
24 253.08790588378906
25 253.6506805419922
26 254.55650329589844
27 254.6322479248047
28 254.91928100585938
29 255.08184814453125
