0 223.40774536132812
1 231.69357299804688
2 235.29666137695312
3 237.03111267089844
4 237.41790771484375
5 239.19314575195312
6 241.8441619873047
7 241.87933349609375
8 241.91290283203125
9 242.1859130859375
10 243.69190979003906
11 245.57681274414062
12 246.78298950195312
13 247.2572479248047
14 247.84469604492188
15 248.87939453125
16 249.21023559570312
17 250.0225830078125
18 250.182373046875
19 250.36380004882812
20 251.11083984375
21 251.62127685546875
22 252.12890625
23 252.44473266601562
24 253.65257263183594
25 253.9569091796875
26 254.02044677734375
27 254.57266235351562
28 254.68701171875
29 254.85736083984375
