0 234.5909423828125
1 235.55557250976562
2 236.39874267578125
3 239.50274658203125
4 242.98336791992188
5 245.44146728515625
6 245.4886474609375
7 245.9542694091797
8 246.02049255371094
9 246.0797119140625
10 246.46560668945312
11 248.71066284179688
12 249.60629272460938
13 249.98519897460938
14 250.46600341796875
15 250.7289276123047
16 250.754150390625
17 250.9692840576172
18 251.58197021484375
19 251.887451171875
20 252.02587890625
21 252.9578857421875
22 253.23175048828125
23 253.4747772216797
24 253.53073120117188
25 253.71180725097656
26 253.8527069091797
27 255.25531005859375
28 255.5244903564453
29 255.76373291015625
