0 189.26502990722656
1 189.28900146484375
2 193.412109375
3 197.1626434326172
4 197.321044921875
5 197.82217407226562
6 198.2413330078125
7 199.23472595214844
8 199.58116149902344
9 199.7643280029297
10 200.00747680664062
11 200.46180725097656
12 200.65823364257812
13 200.90907287597656
14 201.33651733398438
15 202.6178436279297
16 202.74888610839844
17 203.12841796875
18 204.5003662109375
19 205.22064208984375
20 205.25047302246094
21 205.43006896972656
22 205.46035766601562
23 205.5170440673828
24 206.53799438476562
25 206.81558227539062
26 207.00758361816406
27 207.31704711914062
28 208.67001342773438
29 208.93516540527344
