0 240.26126098632812
1 246.16146850585938
2 250.07266235351562
3 250.93267822265625
4 254.0207061767578
5 254.43612670898438
6 254.46707153320312
7 254.533203125
8 254.65689086914062
9 257.2165222167969
10 257.30401611328125
11 257.4132080078125
12 260.1520690917969
13 260.1658935546875
14 260.4977722167969
15 260.84075927734375
16 261.18609619140625
17 261.8377990722656
18 262.06403206974284
19 262.4140930175781
20 262.45892333984375
21 262.5223693847656
22 262.98724365234375
23 263.2088623046875
24 263.2814636230469
25 263.29986572265625
26 264.4481201171875
27 264.5131530761719
28 265.1357116699219
29 265.1673583984375
