0 214.59585571289062
1 217.82749938964844
2 220.22454833984375
3 222.93887329101562
4 223.82293701171875
5 227.12991333007812
6 229.7224884033203
7 230.09634399414062
8 230.51876831054688
9 230.51876831054688
10 231.21627807617188
11 232.68679809570312
12 233.73284912109375
13 234.0560302734375
14 234.06468200683594
15 234.36517333984375
16 234.44357299804688
17 234.8265380859375
18 235.70831298828125
19 236.6151885986328
20 236.9243621826172
21 237.17507934570312
22 237.7318878173828
23 237.82920837402344
24 238.80977136656955
25 239.02389526367188
26 240.27125549316406
27 240.30038452148438
28 240.49258422851562
29 240.77804565429688
