0 206.37994384765625
1 207.65863037109375
2 212.02432250976562
3 215.4749755859375
4 216.5426025390625
5 216.8697967529297
6 218.14378356933594
7 218.20999517027113
8 218.94546508789062
9 219.41317749023438
10 219.42282104492188
11 219.49249267578125
12 219.95704650878906
13 220.30474853515625
14 220.94956970214844
15 221.1883087158203
16 222.5720977783203
17 222.7025146484375
18 222.82608032226562
19 222.86851501464844
20 222.88467407226562
21 223.32980346679688
22 223.57003784179688
23 223.625732421875
24 223.91941833496094
25 223.97457885742188
26 224.221435546875
27 224.35488891601562
28 224.38699340820312
29 224.4762420654297
