0 234.51673889160156
1 246.47047424316406
2 248.18051147460938
3 251.8578338623047
4 252.7689666748047
5 255.5629119873047
6 255.80471801757812
7 263.3047180175781
8 263.7579345703125
9 263.8271179199219
10 264.14447021484375
11 264.1590881347656
12 264.24139404296875
13 265.4065246582031
14 266.88970947265625
15 267.5301513671875
16 267.94049072265625
17 268.29571533203125
18 268.43646240234375
19 268.57867431640625
20 268.727783203125
21 269.1166076660156
22 269.32745361328125
23 269.6412048339844
24 270.0458984375
25 270.320556640625
26 270.4063720703125
27 271.19000244140625
28 271.2508239746094
29 271.8460388183594
