0 259.77593994140625
1 264.5362854003906
2 274.3384094238281
3 275.14068603515625
4 277.0680847167969
5 278.3624572753906
6 278.6222229003906
7 278.751708984375
8 278.92950439453125
9 280.1259460449219
10 282.313232421875
11 283.0078430175781
12 283.0740966796875
13 283.1219177246094
14 283.125
15 283.1355285644531
16 283.1437072753906
17 283.2196044921875
18 283.3833312988281
19 283.4211730957031
20 283.6871337890625
21 283.7244873046875
22 283.9090881347656
23 284.6858215332031
24 284.7156677246094
25 284.8609619140625
26 285.01373291015625
27 285.14544677734375
28 285.1993713378906
29 285.42669677734375
