0 212.57667541503906
1 217.13558959960938
2 217.17567443847656
3 218.65139770507812
4 221.9403839111328
5 222.2055206298828
6 225.31802368164062
7 227.2541961669922
8 227.68092346191406
9 227.78631591796875
10 233.11993408203125
11 235.35879516601562
12 235.9453948408096
13 238.14166259765625
14 239.1700897216797
15 239.6900634765625
16 240.826904296875
17 241.30758666992188
18 241.60755920410156
19 242.55319213867188
20 244.06785583496094
21 244.6319580078125
22 244.7795867919922
23 245.00746154785156
24 245.24169921875
25 245.5867462158203
26 246.50119018554688
27 247.92410278320312
28 248.7992401123047
29 249.11627197265625
