0 203.44143676757812
1 209.1822967529297
2 214.1689910888672
3 219.9727325439453
4 222.4090615353026
5 222.68466186523438
6 223.99197387695312
7 224.24462890625
8 224.7617950439453
9 224.88490295410156
10 225.37623596191406
11 226.0000762939453
12 228.0237274169922
13 229.00857543945312
14 229.6322784423828
15 229.6592254638672
16 230.25601196289062
17 230.605712890625
18 230.91677856445312
19 231.69021606445312
20 231.7021026611328
21 231.81124877929688
22 232.1130828857422
23 232.64248657226562
24 232.88827514648438
25 233.74826049804688
26 234.28903198242188
27 234.3871307373047
28 234.80177307128906
29 234.9053497314453
