0 214.93006896972656
1 224.06326293945312
2 227.2029266357422
3 228.21534729003906
4 228.66448974609375
5 228.9884033203125
6 229.17019653320312
7 231.59822617523852
8 233.3919677734375
9 234.78318786621094
10 235.23077392578125
11 235.23927307128906
12 235.4766387939453
13 236.87310791015625
14 237.35659790039062
15 237.44815063476562
16 237.60336303710938
17 238.8800506591797
18 239.35276794433594
19 239.82571411132812
20 240.2136993408203
21 240.4354248046875
22 240.532958984375
23 241.31044006347656
24 241.48623657226562
25 241.52008056640625
26 241.81788635253906
27 241.8751220703125
28 242.08216857910156
29 242.4292755126953
