0 200.18939208984375
1 202.61972045898438
2 204.07205200195312
3 206.53773498535156
4 206.54190063476562
5 208.91798400878906
6 210.286376953125
7 211.6654815673828
8 212.2732391357422
9 214.0756072998047
10 214.42535400390625
11 214.64459228515625
12 214.90408325195312
13 215.1325225830078
14 215.54481506347656
15 215.9989776611328
16 216.20738220214844
17 216.48538208007812
18 216.66128540039062
19 216.7489471435547
20 216.78517150878906
21 217.02099609375
22 217.2267608642578
23 217.34616088867188
24 218.24237060546875
25 218.2936553955078
26 218.6351318359375
27 218.7738800048828
28 218.98143005371094
29 220.78317260742188
