0 190.9613037109375
1 202.8777313232422
2 203.87164306640625
3 204.1538848876953
4 205.2931365966797
5 206.8426513671875
6 210.38917541503906
7 211.96107482910156
8 213.26065063476562
9 214.33944702148438
10 215.23245239257812
11 215.31918334960938
12 215.75936889648438
13 216.11996459960938
14 216.32931518554688
15 216.37545776367188
16 216.5357666015625
17 216.73516845703125
18 217.4132843017578
19 218.2213134765625
20 219.2247772216797
21 219.7341766357422
22 220.08474731445312
23 220.2482452392578
24 220.484619140625
25 220.7135009765625
26 220.72817993164062
27 220.8294219970703
28 221.01478576660156
29 221.12339782714844
