0 214.72657775878906
1 222.94476318359375
2 223.1416015625
3 228.65304565429688
4 230.61752319335938
5 232.24301147460938
6 233.88600158691406
7 234.2377733496007
8 236.06320190429688
9 236.7607421875
10 236.85137939453125
11 238.0525665283203
12 238.18170166015625
13 238.2848663330078
14 239.10977172851562
15 239.17420959472656
16 239.28245544433594
17 239.7447967529297
18 240.9210662841797
19 241.6031951904297
20 241.6182403564453
21 242.10699462890625
22 243.4779052734375
23 243.74647521972656
24 243.8080596923828
25 245.59027099609375
26 246.12913513183594
27 246.25637817382812
28 246.40170288085938
29 246.74545288085938
