0 207.42669677734375
1 218.13308715820312
2 225.33767700195312
3 241.76522827148438
4 242.07635498046875
5 243.2265625
6 244.539794921875
7 248.775146484375
8 249.117919921875
9 253.2314910888672
10 253.49427795410156
11 255.3374786376953
12 255.5054931640625
13 255.63018798828125
14 258.2196960449219
15 258.7563781738281
16 259.10845947265625
17 259.77337646484375
18 259.9996337890625
19 260.4443054199219
20 261.9679870605469
21 262.1335144042969
22 262.8276672363281
23 262.89508056640625
24 264.10943603515625
25 264.32806396484375
26 264.57170815181064
27 264.6943664550781
28 264.7244873046875
29 265.0669250488281
