0 206.64878845214844
1 209.73118591308594
2 216.21633911132812
3 217.68035888671875
4 221.48509216308594
5 223.62686157226562
6 229.34893798828125
7 231.50979614257812
8 232.4879608154297
9 232.7747802734375
10 233.62037658691406
11 233.67352294921875
12 233.96141052246094
13 239.6058349609375
14 240.28640747070312
15 241.69046020507812
16 242.04505920410156
17 242.642578125
18 242.78451538085938
19 244.80889892578125
20 245.15435791015625
21 245.4642791748047
22 246.4559326171875
23 246.66769409179688
24 247.21749877929688
25 249.6577606201172
26 250.0635528564453
27 251.10330200195312
28 251.5829315185547
29 252.3590087890625
