0 147.6552276611328
1 191.56536865234375
2 198.37530517578125
3 198.45028686523438
4 198.48744201660156
5 199.92083740234375
6 199.9559783935547
7 201.50123596191406
8 202.23236083984375
9 202.77352905273438
10 203.33480834960938
11 203.4757843017578
12 203.73690795898438
13 203.96249389648438
14 204.9001007080078
15 205.39846801757812
16 206.4221099861923
17 207.14402770996094
18 207.885986328125
19 207.96163940429688
20 208.39332580566406
21 209.19879150390625
22 209.27191162109375
23 209.89581298828125
24 209.89581298828125
25 210.10806274414062
26 210.31686401367188
27 210.40313720703125
28 210.63551330566406
29 210.78387451171875
