0 134.98304748535156
1 186.02902221679688
2 200.80435180664062
3 202.8120880126953
4 204.5087890625
5 205.24343872070312
6 207.45877075195312
7 209.46575927734375
8 210.10202026367188
9 211.88699340820312
10 212.43035888671875
11 214.4839324951172
12 216.2703094482422
13 216.38404846191406
14 216.96609497070312
15 219.47915649414062
16 223.86172485351562
17 226.51321411132812
18 227.46633911132812
19 228.05154418945312
20 228.3457489013672
21 228.58209228515625
22 229.09765625
23 229.8816375732422
24 229.9647216796875
25 230.39248657226562
26 230.80714416503906
27 231.44326782226562
28 231.65444946289062
29 232.66148376464844
