0 173.4434356689453
1 179.81936645507812
2 188.0380859375
3 190.24481201171875
4 190.3216552734375
5 190.3824920654297
6 190.9588165283203
7 191.47996520996094
8 191.48150634765625
9 192.23312377929688
10 193.68203735351562
11 193.74456787109375
12 194.36053466796875
13 194.51742553710938
14 194.66754150390625
15 195.5264434814453
16 195.67367553710938
17 196.08258056640625
18 196.21852111816406
19 196.5823516845703
20 197.1866912841797
21 197.3053741455078
22 197.5478515625
23 197.58383178710938
24 197.9177703857422
25 198.38015747070312
26 198.40036010742188
27 199.2677001953125
28 200.17715454101562
29 200.6099090576172
