0 185.7552490234375
1 186.27999877929688
2 190.17984008789062
3 191.28672790527344
4 197.15780639648438
5 200.99539184570312
6 201.09022521972656
7 201.183349609375
8 202.62928771972656
9 202.73928833007812
10 202.8533935546875
11 204.70977783203125
12 205.06800842285156
13 205.732666015625
14 205.7791290283203
15 205.88629150390625
16 205.9108123779297
17 206.09982299804688
18 206.5697021484375
19 208.107177734375
20 209.05545043945312
21 209.28366088867188
22 209.43357849121094
23 209.51856994628906
24 210.12322998046875
25 210.5550079345703
26 211.05909729003906
27 211.55844116210938
28 211.57440185546875
29 211.9508056640625
