0 200.7311553955078
1 202.9998779296875
2 205.27261352539062
3 208.30352783203125
4 208.5296630859375
5 208.9143829345703
6 209.20616149902344
7 210.3779296875
8 212.27664184570312
9 212.6341552734375
10 213.04052734375
11 214.15980529785156
12 214.6876983642578
13 215.49093627929688
14 216.39846801757812
15 216.411376953125
16 216.62835693359375
17 216.65455627441406
18 216.7624053955078
19 216.8680419921875
20 217.13531494140625
21 217.21649169921875
22 217.2195281982422
23 217.41661071777344
24 217.75030517578125
25 217.80702606431865
26 218.31173706054688
27 218.3567352294922
28 218.37583923339844
29 218.6251220703125
