0 224.80731201171875
1 225.5018310546875
2 226.366455078125
3 236.08688354492188
4 238.71954345703125
5 239.02740478515625
6 241.08480834960938
7 241.59487915039062
8 243.3299560546875
9 245.30206298828125
10 245.5706787109375
11 246.13218688964844
12 247.3594970703125
13 248.44873046875
14 249.62106323242188
15 249.63088989257812
16 249.70005798339844
17 249.88137817382812
18 250.25881958007812
19 250.6451416015625
20 250.93466186523438
21 250.94839477539062
22 251.03749084472656
23 251.12867736816406
24 251.21322631835938
25 252.86770629882812
26 253.0291748046875
27 253.91195678710938
28 254.36428833007812
29 254.37620544433594
