0 197.06700134277344
1 209.48696899414062
2 214.3355712890625
3 219.1109161376953
4 219.86598205566406
5 223.21368408203125
6 226.03768920898438
7 226.61329650878906
8 227.5777587890625
9 229.97999572753906
10 231.17312990302685
11 233.58941650390625
12 235.595458984375
13 235.6224822998047
14 237.53079223632812
15 238.2279052734375
16 238.4425839046629
17 238.82386779785156
18 238.9206085205078
19 238.9634552001953
20 239.88497924804688
21 240.2025909423828
22 241.01776123046875
23 241.27230738296493
24 242.28390502929688
25 242.32138061523438
26 242.48165893554688
27 243.66500854492188
28 244.2858428955078
29 244.45973205566406
