0 178.59890747070312
1 193.67239379882812
2 199.99246215820312
3 202.7951202392578
4 203.38400268554688
5 204.3059539794922
6 204.87193298339844
7 205.4381561279297
8 205.9842071533203
9 207.17993045056753
10 207.78082275390625
11 207.86537170410156
12 208.44268798828125
13 209.2309112548828
14 209.39138793945312
15 209.51046752929688
16 211.44053649902344
17 211.61053466796875
18 211.96368408203125
19 212.0514373779297
20 212.36114501953125
21 212.55982971191406
22 212.87017822265625
23 212.87356567382812
24 213.83668518066406
25 217.73739624023438
26 218.13888549804688
27 219.47708129882812
28 219.538818359375
29 219.60003662109375
