0 246.33966064453125
1 247.25607299804688
2 251.30313110351562
3 253.7591552734375
4 254.0881805419922
5 255.77310180664062
6 256.5753173828125
7 259.09554029901693
8 260.57061767578125
9 260.60546875
10 263.04449462890625
11 263.20379638671875
12 263.43902587890625
13 263.4677734375
14 263.69384765625
15 263.88128662109375
16 264.1219177246094
17 264.1809387207031
18 264.2046813964844
19 264.80804443359375
20 265.1632995605469
21 265.468505859375
22 265.9629821777344
23 265.998046875
24 266.2431640625
25 266.4261474609375
26 267.02960205078125
27 267.311279296875
28 267.9358825683594
29 268.0740966796875
