0 209.872802734375
1 212.60621643066406
2 214.71376037597656
3 215.07830810546875
4 217.7412109375
5 218.35728454589844
6 218.48193359375
7 218.6099853515625
8 218.62484741210938
9 220.33114624023438
10 220.90444946289062
11 222.54074096679688
12 222.71310424804688
13 223.1195068359375
14 223.12367248535156
15 223.38980102539062
16 223.60589599609375
17 223.99658203125
18 224.20309448242188
19 224.53369140625
20 226.38162231445312
21 227.86106872558594
22 229.15081787109375
23 229.4109649658203
24 229.58535766601562
25 229.9706573486328
26 230.07379150390625
27 230.84568786621094
28 230.89437866210938
29 231.14227294921875
