0 229.6014404296875
1 243.6221466064453
2 243.88197326660156
3 244.012939453125
4 244.55235290527344
5 245.77960205078125
6 249.25790405273438
7 251.20054626464844
8 251.24276733398438
9 252.25115966796875
10 254.456298828125
11 254.46261596679688
12 254.7208251953125
13 256.0227966308594
14 256.1463928222656
15 256.8934326171875
16 257.028564453125
17 257.30450439453125
18 257.3304443359375
19 258.27960205078125
20 258.31195068359375
21 258.4050598144531
22 258.5027770996094
23 258.5396728515625
24 258.6155700683594
25 258.8287048339844
26 259.0216979980469
27 259.4031066894531
28 259.5343933105469
29 259.6131896972656
