0 164.09921264648438
1 169.88345336914062
2 171.31703186035156
3 172.23696899414062
4 173.99520874023438
5 175.05059814453125
6 175.31124877929688
7 175.81777954101562
8 176.22637939453125
9 179.0318603515625
10 179.1979217529297
11 180.23696899414062
12 180.25474548339844
13 180.4867401123047
14 181.02027893066406
15 181.44752502441406
16 181.94187927246094
17 182.36972045898438
18 182.47958374023438
19 183.5632781982422
20 183.80712890625
21 183.8317413330078
22 183.91635131835938
23 184.09732055664062
24 184.2660675048828
25 184.80104064941406
26 184.81289672851562
27 185.05868530273438
28 185.55934143066406
29 185.8650665283203
