0 188.91090393066406
1 191.0205841064453
2 192.45562744140625
3 193.30001831054688
4 194.00289916992188
5 194.20053100585938
6 194.47500610351562
7 194.52015686035156
8 194.876220703125
9 195.66661071777344
10 195.7216710782967
11 195.94508361816406
12 196.98553466796875
13 198.01927185058594
14 198.3131103515625
15 198.52146911621094
16 198.81582641601562
17 198.908447265625
18 199.2180938720703
19 199.7680206298828
20 199.7680206298828
21 200.13597106933594
22 200.34214782714844
23 200.4107208251953
24 200.72068786621094
25 201.30404663085938
26 201.35809326171875
27 201.72433471679688
28 201.7926483154297
29 202.25546264648438
