0 235.65181354457434
1 238.85533142089844
2 242.12815856933594
3 246.83233642578125
4 247.276123046875
5 252.04962158203125
6 257.20245361328125
7 260.6126403808594
8 261.3703918457031
9 262.5301513671875
10 263.04803466796875
11 263.2060546875
12 263.3723449707031
13 263.4943542480469
14 263.701904296875
15 264.8331298828125
16 264.9803161621094
17 265.08526611328125
18 265.29010009765625
19 266.7855529785156
20 268.0448303222656
21 268.2063293457031
22 268.3548583984375
23 268.37646484375
24 268.70819091796875
25 269.4206848144531
26 269.83856201171875
27 269.9312438964844
28 270.06365966796875
29 270.49054431974145
