0 223.5787353515625
1 232.6580352783203
2 232.6580352783203
3 237.09124755859375
4 237.57286071777344
5 239.24598693847656
6 239.6985626220703
7 240.21554565429688
8 240.43540954589844
9 240.5169677734375
10 241.40841674804688
11 241.52195739746094
12 242.56243896484375
13 242.56561279296875
14 242.70379638671875
15 242.84481811523438
16 242.8658447265625
17 242.92942810058594
18 242.97427368164062
19 242.99583435058594
20 243.15396118164062
21 243.4228973388672
22 244.11862182617188
23 244.15948486328125
24 244.3353271484375
25 244.54254150390625
26 245.06642150878906
27 245.0780487060547
28 245.1507568359375
29 245.20571899414062
