0 201.5098876953125
1 202.01255798339844
2 205.84844970703125
3 207.06182861328125
4 208.063720703125
5 208.57864379882812
6 209.39117431640625
7 209.73220825195312
8 209.84500122070312
9 210.08572387695312
10 211.17483520507812
11 211.20986938476562
12 211.35995483398438
13 211.41036987304688
14 212.12332153320312
15 212.2210693359375
16 212.31814575195312
17 212.89764404296875
18 213.22738647460938
19 213.34820556640625
20 213.74156188964844
21 214.6917724609375
22 214.89682006835938
23 215.5057830810547
24 215.67193603515625
25 215.91668701171875
26 216.1391143798828
27 216.17649841308594
28 216.37637329101562
29 216.66094970703125
