0 175.6588897705078
1 182.19082641601562
2 183.22811889648438
3 184.4230499267578
4 185.31927490234375
5 185.4305419921875
6 186.17926025390625
7 187.67459106445312
8 188.10220336914062
9 188.15032958984375
10 189.16458129882812
11 189.53839111328125
12 189.55226135253906
13 189.80039978027344
14 190.9378204345703
15 191.0115203857422
16 191.17593383789062
17 191.25680541992188
18 192.62301635742188
19 192.7108154296875
20 192.8218536376953
21 192.87884521484375
22 192.97689819335938
23 193.12353515625
24 193.4891357421875
25 193.8699493408203
26 194.48171997070312
27 194.55294799804688
28 194.55923461914062
29 194.85118103027344
