0 225.4908905029297
1 231.6920623779297
2 235.6402587890625
3 236.43490600585938
4 237.05032348632812
5 237.74003669326672
6 241.1536102294922
7 242.07696533203125
8 245.94882202148438
9 249.400146484375
10 249.70407104492188
11 250.11788940429688
12 250.4622802734375
13 250.5238800048828
14 250.68312072753906
15 251.5281219482422
16 251.5592041015625
17 251.9481201171875
18 253.12567138671875
19 253.90956115722656
20 253.93775939941406
21 254.02880859375
22 254.4701385498047
23 254.78228759765625
24 255.62120056152344
25 255.70265197753906
26 256.6329345703125
27 256.6541442871094
28 257.0233154296875
29 257.51873779296875
