0 185.87570190429688
1 188.78614807128906
2 192.49549865722656
3 201.211181640625
4 206.1787567138672
5 206.43304443359375
6 206.53912353515625
7 207.72019958496094
8 210.3334503173828
9 212.03604125976562
10 215.14212036132812
11 215.6319580078125
12 215.83554077148438
13 215.87445068359375
14 218.0078582763672
15 220.60574340820312
16 221.29006958007812
17 221.64500427246094
18 222.44583129882812
19 222.45248413085938
20 224.58956909179688
21 224.80471801757812
22 225.74554443359375
23 226.07286071777344
24 226.2545166015625
25 226.4989013671875
26 226.91128540039062
27 226.94923400878906
28 228.06085205078125
29 228.26144409179688
