0 193.41079711914062
1 198.3702392578125
2 199.36920166015625
3 200.75404357910156
4 201.489501953125
5 202.4249267578125
6 203.42715454101562
7 207.1625518798828
8 207.35572814941406
9 207.86154174804688
10 208.1352081298828
11 208.43653869628906
12 208.557861328125
13 208.8489227294922
14 209.41970825195312
15 210.42701721191406
16 211.7138214111328
17 212.55059814453125
18 212.65341186523438
19 213.2353057861328
20 213.23892211914062
21 213.93431091308594
22 213.9891357421875
23 214.044189453125
24 214.41909790039062
25 214.5150604248047
26 215.11846923828125
27 215.59579467773438
28 215.73309326171875
29 216.0221405029297
