0 174.7825927734375
1 187.80349731445312
2 197.60855102539062
3 200.31558227539062
4 204.14364624023438
5 204.97076416015625
6 205.111083984375
7 212.61956787109375
8 214.00057983398438
9 214.0983428955078
10 214.66387939453125
11 214.83782958984375
12 217.525146484375
13 217.61598205566406
14 218.43499755859375
15 220.45684814453125
16 222.35748291015625
17 223.41883850097656
18 223.5615234375
19 224.05838012695312
20 225.32472229003906
21 227.06138610839844
22 227.7716827392578
23 227.9800567626953
24 230.62701416015625
25 230.8536376953125
26 230.9308319091797
27 230.99838256835938
28 231.7830810546875
29 232.25912475585938
