0 247.38539123535156
1 256.8607177734375
2 268.27618408203125
3 268.28546142578125
4 275.0208740234375
5 275.7602233886719
6 276.2602233886719
7 276.28961181640625
8 276.64129638671875
9 277.9718017578125
10 278.143798828125
11 278.4345397949219
12 278.63031005859375
13 278.8072509765625
14 279.5539855957031
15 280.19329833984375
16 280.42364501953125
17 280.74334716796875
18 280.83941650390625
19 280.8664855957031
20 281.9936218261719
21 282.1302490234375
22 282.4296569824219
23 282.9092102050781
24 283.2251281738281
25 283.3145446777344
26 283.6571960449219
27 283.73370361328125
28 283.755859375
29 283.8841247558594
