0 203.6258087158203
1 246.53053283691406
2 250.71627807617188
3 251.35504150390625
4 254.05645751953125
5 254.38832092285156
6 256.45166015625
7 256.587646484375
8 257.08551025390625
9 257.76898193359375
10 257.8260192871094
11 258.5550842285156
12 260.2549743652344
13 260.2884521484375
14 261.7759094238281
15 261.9660949707031
16 262.5294189453125
17 262.7920837402344
18 262.8353576660156
19 262.83990478515625
20 264.30169677734375
21 265.2198486328125
22 266.0351867675781
23 266.49249267578125
24 266.5445556640625
25 266.8848876953125
26 267.1827697753906
27 267.39471435546875
28 267.5509033203125
29 267.7613525390625
