0 188.44155883789062
1 196.7499542236328
2 198.81747436523438
3 201.54664611816406
4 206.71261596679688
5 210.41732788085938
6 211.84666442871094
7 219.4691162109375
8 219.56663513183594
9 219.7474127590033
10 222.00096130371094
11 222.53262329101562
12 222.9102020263672
13 224.02073669433594
14 224.7892608642578
15 224.8730010986328
16 226.05142211914062
17 226.85072326660156
18 228.7941131591797
19 229.199951171875
20 230.26956176757812
21 232.74758911132812
22 234.2657470703125
23 235.307373046875
24 235.37045288085938
25 236.02940368652344
26 236.4412078857422
27 237.948486328125
28 238.01962280273438
29 238.66006469726562
