0 215.67684936523438
1 216.17408752441406
2 221.25961303710938
3 221.55613708496094
4 222.97000122070312
5 223.611083984375
6 226.122314453125
7 226.25637817382812
8 227.71119689941406
9 228.003662109375
10 228.0502166748047
11 228.39730834960938
12 228.42259216308594
13 228.5320587158203
14 228.79432678222656
15 228.86236572265625
16 230.45143127441406
17 231.03744506835938
18 231.14663696289062
19 231.1665802001953
20 231.78269958496094
21 231.9022674560547
22 232.50326538085938
23 232.9182891845703
24 233.0178985595703
25 233.07943725585938
26 233.38812255859375
27 233.39971923828125
28 233.74343872070312
29 233.94088745117188
