0 222.2683563232422
1 222.28030395507812
2 226.49806213378906
3 226.74061584472656
4 227.86163330078125
5 232.0875701904297
6 232.14732360839844
7 235.01585388183594
8 236.8588104248047
9 238.2976531982422
10 239.18934631347656
11 239.71620178222656
12 241.04225158691406
13 243.32774353027344
14 245.58059692382812
15 245.6606903076172
16 246.6212615966797
17 247.86123657226562
18 247.87562561035156
19 248.0206298828125
20 248.59034729003906
21 248.7589569091797
22 249.96035766601562
23 250.46102905273438
24 250.7122344970703
25 251.40933227539062
26 251.55548095703125
27 251.76724243164062
28 253.44647216796875
29 253.83534240722656
