0 235.65773010253906
1 238.84152221679688
2 240.60089111328125
3 245.0413055419922
4 247.19383239746094
5 247.93988037109375
6 248.49420166015625
7 252.12591552734375
8 252.57241821289062
9 252.76461791992188
10 253.41610717773438
11 254.24118041992188
12 254.96466064453125
13 255.80438232421875
14 256.52044677734375
15 257.3081970214844
16 257.3473815917969
17 257.5965270996094
18 258.31402587890625
19 258.4011535644531
20 258.5726318359375
21 258.88470458984375
22 259.1426696777344
23 259.70556640625
24 259.8840026855469
25 259.94610595703125
26 260.9111633300781
27 261.0596008300781
28 262.3140869140625
29 262.5963134765625
