0 258.20037841796875
1 260.7239074707031
2 261.182861328125
3 262.1471862792969
4 262.4262390136719
5 263.8080139160156
6 265.43304443359375
7 265.8856506347656
8 266.0863037109375
9 267.5480651855469
10 268.1324462890625
11 268.796142578125
12 269.2658386230469
13 270.11627197265625
14 270.4840087890625
15 270.5161437988281
16 271.73602294921875
17 271.7976379394531
18 273.664794921875
19 274.5636901855469
20 274.9981384277344
21 275.20196533203125
22 275.2555236816406
23 275.55926513671875
24 275.56640625
25 275.94610595703125
26 276.77606201171875
27 276.7900695800781
28 277.00506591796875
29 277.07073974609375
