0 187.13729858398438
1 192.47792053222656
2 192.70944213867188
3 199.007568359375
4 201.80618286132812
5 204.4935302734375
6 204.89328002929688
7 206.91644287109375
8 208.11236572265625
9 208.2967529296875
10 208.6649627685547
11 210.35610961914062
12 211.5849151611328
13 212.61862182617188
14 213.81224060058594
15 216.41928100585938
16 216.60421752929688
17 216.6919708251953
18 217.21200561523438
19 218.14254760742188
20 218.47108459472656
21 218.84445190429688
22 218.89492797851562
23 219.0543212890625
24 219.21084594726562
25 219.73748779296875
26 220.11180114746094
27 220.75979614257812
28 222.3965606689453
29 222.49029541015625
