0 251.94126892089844
1 258.5246887207031
2 259.34814453125
3 261.29547119140625
4 262.34991455078125
5 262.7226867675781
6 263.3981018066406
7 263.4185791015625
8 264.514404296875
9 265.33795166015625
10 265.7727966308594
11 266.68194580078125
12 266.8121643066406
13 267.09234619140625
14 267.2912902832031
15 267.72052001953125
16 268.2317199707031
17 268.93084716796875
18 269.6623229980469
19 269.8085632324219
20 269.9665222167969
21 270.2092590332031
22 270.29425048828125
23 270.5067138671875
24 270.73834228515625
25 271.514404296875
26 272.0042724609375
27 272.140625
28 272.2809753417969
29 272.3135070800781
