0 162.8236083984375
1 169.8153839111328
2 175.52883911132812
3 177.285888671875
4 183.44065856933594
5 189.4976043701172
6 190.4090118408203
7 192.844970703125
8 195.09193420410156
9 195.23043823242188
10 196.4270477294922
11 198.33743286132812
12 198.9060516357422
13 200.75132751464844
14 202.13397216796875
15 202.28077697753906
16 202.66339111328125
17 204.0886169964486
18 204.6822509765625
19 205.02699279785156
20 205.1656494140625
21 205.43550361786524
22 207.32492065429688
23 209.2416229248047
24 209.4435577392578
25 209.88772583007812
26 209.992431640625
27 210.0677490234375
28 210.35055541992188
29 210.40394592285156
