0 180.6106414794922
1 185.40017700195312
2 187.72967529296875
3 188.6339111328125
4 188.9517822265625
5 190.31536865234375
6 190.4117431640625
7 190.47584533691406
8 191.95550537109375
9 192.1914520263672
10 192.26608276367188
11 192.41854858398438
12 193.57098388671875
13 193.5885467529297
14 193.86033630371094
15 194.41681245149624
16 194.43385314941406
17 194.48944091796875
18 195.09738159179688
19 195.66062927246094
20 196.20358276367188
21 196.65557861328125
22 196.7598876953125
23 197.00950622558594
24 197.3380126953125
25 197.345703125
26 197.61752319335938
27 197.77728271484375
28 198.1380615234375
29 198.17349243164062
