0 219.57321166992188
1 234.7584228515625
2 238.7979736328125
3 244.65579223632812
4 244.78738403320312
5 246.3166046142578
6 246.45828247070312
7 247.01058959960938
8 247.91757202148438
9 247.95785522460938
10 249.23336791992188
11 249.86033630371094
12 250.46707153320312
13 251.97225952148438
14 253.82850646972656
15 254.52288818359375
16 255.72935485839844
17 255.87310791015625
18 256.77423095703125
19 256.8429260253906
20 257.44915771484375
21 258.4392395019531
22 258.5235290527344
23 258.994873046875
24 259.05950927734375
25 259.1328430175781
26 259.32891845703125
27 260.44342041015625
28 260.9005126953125
29 260.9657287597656
