0 201.78350830078125
1 205.08465576171875
2 208.67376708984375
3 209.02023315429688
4 211.91957092285156
5 213.55108642578125
6 213.72976684570312
7 214.37933642540685
8 215.1037139892578
9 215.40061950683594
10 215.66668701171875
11 216.18502807617188
12 216.67210388183594
13 216.94412231445312
14 217.10508728027344
15 217.24185180664062
16 217.34341430664062
17 217.8958740234375
18 218.1585235595703
19 218.1708984375
20 218.88412475585938
21 219.44357299804688
22 220.16995239257812
23 220.27542114257812
24 220.27899169921875
25 220.38470458984375
26 220.71035766601562
27 221.31863403320312
28 221.7084503173828
29 221.94073486328125
