0 200.36032104492188
1 204.42234802246094
2 205.33651733398438
3 208.5362091064453
4 212.55848693847656
5 212.6430206298828
6 212.75631713867188
7 214.62966918945312
8 214.63352966308594
9 215.21131896972656
10 215.6400604248047
11 216.13101196289062
12 218.15318298339844
13 218.23316955566406
14 219.48965454101562
15 219.55941772460938
16 219.73619079589844
17 219.85418701171875
18 221.6450958251953
19 221.9127197265625
20 222.1202392578125
21 222.43423461914062
22 223.5382080078125
23 223.84117126464844
24 224.0924072265625
25 224.1766357421875
26 224.68966674804688
27 224.69009399414062
28 225.11537170410156
29 225.22396850585938
