0 235.61878967285156
1 244.84954833984375
2 249.1555147918582
3 250.58795166015625
4 256.5753173828125
5 257.1067199707031
6 258.86224365234375
7 259.4176940917969
8 259.75250244140625
9 260.161865234375
10 260.31011962890625
11 260.8946228027344
12 262.7097011299774
13 264.49066162109375
14 264.5870056152344
15 264.6802978515625
16 264.80401611328125
17 264.9469299316406
18 265.3753662109375
19 267.87664794921875
20 268.1444091796875
21 268.550048828125
22 269.2816467285156
23 269.50482177734375
24 269.8397216796875
25 270.12060546875
26 270.47705078125
27 270.5779113769531
28 270.5851745605469
29 270.8402099609375
