0 198.55294799804688
1 204.44354248046875
2 208.0604705810547
3 211.81475830078125
4 212.3089599609375
5 212.4418487548828
6 213.30914306640625
7 213.36781311035156
8 214.28030395507812
9 215.83407592773438
10 218.74078369140625
11 219.78599548339844
12 221.14393615722656
13 221.37074279785156
14 223.62855529785156
15 224.09095764160156
16 225.3004150390625
17 226.0899200439453
18 226.1026611328125
19 226.20840454101562
20 229.23646545410156
21 229.77069091796875
22 230.06373596191406
23 230.0738983154297
24 230.10086059570312
25 231.66539001464844
26 233.5560302734375
27 234.02748107910156
28 234.91024780273438
29 235.25856018066406
