0 244.21096801757812
1 245.48379516601562
2 247.33567810058594
3 248.06866455078125
4 249.42889404296875
5 250.117919921875
6 250.8739776611328
7 252.00717163085938
8 253.51766967773438
9 256.7670593261719
10 256.84820556640625
11 258.7746276855469
12 259.9424133300781
13 260.6955871582031
14 260.7774658203125
15 260.97607421875
16 261.01141357421875
17 261.09375
18 261.6443176269531
19 261.77630615234375
20 262.728271484375
21 264.9668273925781
22 265.69012451171875
23 266.4129333496094
24 266.5562438964844
25 266.5934143066406
26 266.863037109375
27 266.8749694824219
28 266.9139099121094
29 266.93255615234375
