0 193.7347869873047
1 200.55990600585938
2 204.2758026123047
3 205.19512939453125
4 210.14500427246094
5 212.4956512451172
6 212.73892211914062
7 214.33164978027344
8 215.43768310546875
9 218.22796630859375
10 218.40016174316406
11 218.69938134674754
12 218.7772674560547
13 219.50762939453125
14 219.67770385742188
15 220.03053283691406
16 220.9698486328125
17 221.30055236816406
18 221.31332397460938
19 222.88284301757812
20 222.89964294433594
21 223.08798217773438
22 223.38670349121094
23 223.61019897460938
24 224.54080200195312
25 226.18463134765625
26 227.1707305908203
27 227.31057739257812
28 227.90481567382812
29 228.72598266601562
