0 174.10256958007812
1 204.30303955078125
2 210.84686279296875
3 212.06170654296875
4 215.45533752441406
5 215.45533752441406
6 218.13211059570312
7 222.28672790527344
8 226.2369384765625
9 231.3313446044922
10 231.578857421875
11 231.87408447265625
12 231.8843994140625
13 232.927734375
14 233.72622680664062
15 235.37010192871094
16 236.95497131347656
17 237.3314208984375
18 240.38902282714844
19 241.20643615722656
20 241.50656127929688
21 242.51695251464844
22 242.5796356201172
23 242.70053100585938
24 243.1636505126953
25 243.69989013671875
26 244.20236206054688
27 245.8892822265625
28 246.52850341796875
29 246.7930145263672
