0 185.57669067382812
1 197.4480743408203
2 198.41390991210938
3 199.42344665527344
4 199.79537963867188
5 200.56910705566406
6 201.59811401367188
7 202.0965118408203
8 202.17657470703125
9 202.455810546875
10 203.00210571289062
11 203.01116943359375
12 204.20684814453125
13 205.745849609375
14 206.16903686523438
15 207.09921264648438
16 207.95010375976562
17 207.95155334472656
18 208.73062133789062
19 209.33311462402344
20 209.72142028808594
21 209.89569091796875
22 210.04393005371094
23 211.10287475585938
24 212.02174377441406
25 212.52178955078125
26 213.8246612548828
27 213.9022979736328
28 215.19552612304688
29 215.36972045898438
