0 224.24647521972656
1 226.0047149658203
2 232.48944091796875
3 236.0681610107422
4 239.70706176757812
5 240.4759521484375
6 245.7008819580078
7 247.19683837890625
8 247.92633056640625
9 248.00588989257812
10 248.80108642578125
11 251.27627563476562
12 251.90093994140625
13 252.01617431640625
14 252.02789306640625
15 252.56886291503906
16 253.84983825683594
17 254.90415954589844
18 256.13641357421875
19 256.2074890136719
20 256.9123229980469
21 256.989013671875
22 259.24041748046875
23 259.83441162109375
24 260.118408203125
25 260.569580078125
26 261.0935363769531
27 261.1756286621094
28 262.6763000488281
29 264.7051086425781
