0 226.33462524414062
1 229.19544982910156
2 231.28732299804688
3 234.81056213378906
4 236.94764709472656
5 238.54823303222656
6 241.9143829345703
7 243.96478271484375
8 245.76681518554688
9 248.30216062095235
10 248.4111328125
11 250.0713348388672
12 250.3603515625
13 250.85113525390625
14 251.93524169921875
15 252.80210876464844
16 253.801025390625
17 253.97438049316406
18 254.4140167236328
19 254.91680908203125
20 255.54962158203125
21 255.83155822753906
22 256.208251953125
23 256.3934631347656
24 257.93145751953125
25 258.547607421875
26 259.6559753417969
27 260.7025146484375
28 261.014892578125
29 261.3758544921875
