0 156.69827270507812
1 166.5022430419922
2 173.99081420898438
3 184.30914306640625
4 189.99130249023438
5 194.49322509765625
6 197.06564331054688
7 199.3140869140625
8 200.30690002441406
9 201.45233154296875
10 202.2138214111328
11 202.4061737060547
12 202.8927001953125
13 203.64500427246094
14 204.552001953125
15 204.74423217773438
16 206.03280639648438
17 206.0406494140625
18 206.76828002929688
19 208.29913330078125
20 208.32408142089844
21 208.41587829589844
22 208.5321044921875
23 209.14854431152344
24 210.50949096679688
25 210.6271209716797
26 210.84915161132812
27 211.8618927001953
28 212.40916442871094
29 214.53472675383082
