0 223.12884933119852
1 226.3242950439453
2 227.72036743164062
3 229.76898193359375
4 230.99359130859375
5 231.97430419921875
6 236.21144104003906
7 239.50576782226562
8 242.428955078125
9 242.6027374267578
10 242.81707763671875
11 243.52159118652344
12 244.01449584960938
13 244.74758911132812
14 244.8762664794922
15 246.2379108911716
16 246.57705688476562
17 246.69589233398438
18 247.38592529296875
19 247.3980712890625
20 250.28872680664062
21 250.78558349609375
22 251.85556030273438
23 251.91445922851562
24 251.9467010498047
25 252.43597412109375
26 252.6659698486328
27 252.74893188476562
28 253.5963592529297
29 253.61834716796875
