0 197.49932861328125
1 206.75547790527344
2 209.32577514648438
3 209.63479614257812
4 212.40272521972656
5 213.3365936279297
6 215.81939697265625
7 216.23956298828125
8 217.91160583496094
9 218.83966064453125
10 219.06312561035156
11 220.08931086005722
12 220.46453857421875
13 221.65084838867188
14 221.69656372070312
15 222.30636596679688
16 222.87139892578125
17 223.37136840820312
18 223.9527130126953
19 224.9129180908203
20 225.69613647460938
21 226.0471954345703
22 226.35931396484375
23 226.6361541748047
24 227.38552856445312
25 227.5308074951172
26 227.70167541503906
27 227.7462615966797
28 227.7662811279297
29 228.54815673828125
