0 189.60604858398438
1 198.3701171875
2 201.20065307617188
3 202.24368286132812
4 202.24368286132812
5 211.30038452148438
6 211.8450164794922
7 220.38491821289062
8 221.26168823242188
9 221.66868591308594
10 222.78921508789062
11 223.00019752067644
12 223.94886779785156
13 224.04844665527344
14 224.18182373046875
15 226.21023559570312
16 227.88446044921875
17 228.4392852783203
18 228.77146911621094
19 229.3092041015625
20 229.42623901367188
21 230.07028198242188
22 230.41786193847656
23 230.69566345214844
24 231.09381103515625
25 231.60211181640625
26 232.2222955621103
27 232.38235473632812
28 233.15663146972656
29 234.79473876953125
