0 216.75013732910156
1 225.10809326171875
2 227.19427490234375
3 228.04251098632812
4 228.32269287109375
5 228.79884338378906
6 229.06973266601562
7 232.43170166015625
8 232.58322143554688
9 233.01026916503906
10 233.1387939453125
11 233.3889617919922
12 234.56781005859375
13 234.68189422622143
14 235.2010040283203
15 236.0042724609375
16 236.10693359375
17 236.12466430664062
18 238.26348876953125
19 238.87774658203125
20 238.96226501464844
21 239.43209838867188
22 239.7191162109375
23 239.75186157226562
24 239.82884216308594
25 240.18431091308594
26 240.2930908203125
27 240.42178344726562
28 240.82159423828125
29 240.83807373046875
