0 218.6911163330078
1 221.44520568847656
2 222.43785095214844
3 225.59254455566406
4 225.59600830078125
5 226.60032653808594
6 227.44509887695312
7 228.07508850097656
8 228.3097381591797
9 228.3647918701172
10 229.1308135986328
11 230.11691284179688
12 230.67279052734375
13 231.13507080078125
14 231.3380126953125
15 231.79544067382812
16 232.05877685546875
17 232.0855255126953
18 232.27651977539062
19 232.73512268066406
20 232.7651824951172
21 233.61392211914062
22 235.57666015625
23 235.853759765625
24 235.88400268554688
25 236.74806213378906
26 236.76406860351562
27 236.818115234375
28 236.831787109375
29 236.86512756347656
