0 186.29721069335938
1 188.39109802246094
2 189.91964721679688
3 191.4461669921875
4 191.67333984375
5 192.85107421875
6 193.74822998046875
7 193.785888671875
8 194.19493103027344
9 194.63284301757812
10 195.50704956054688
11 196.12432861328125
12 196.56759643554688
13 196.69613647460938
14 197.92005920410156
15 198.17108154296875
16 200.13600158691406
17 201.2010498046875
18 201.31886291503906
19 201.37034606933594
20 201.88504028320312
21 202.43914794921875
22 202.54544067382812
23 203.18223571777344
24 203.6718292236328
25 203.85134887695312
26 204.26864624023438
27 205.13917541503906
28 205.248291015625
29 205.49545288085938
