0 154.3310546875
1 156.8272705078125
2 157.88058471679688
3 181.66883850097656
4 206.9366912841797
5 210.71124267578125
6 212.65960693359375
7 213.50003051757812
8 213.72650146484375
9 213.9749755859375
10 215.7921905517578
11 216.24388122558594
12 216.7706756591797
13 217.60244750976562
14 218.64901733398438
15 218.7503662109375
16 218.950927734375
17 219.46490478515625
18 219.80865478515625
19 219.914306640625
20 220.3119659423828
21 222.74928283691406
22 222.81109619140625
23 222.87667846679688
24 223.40814208984375
25 223.42962646484375
26 223.4590301513672
27 224.53089904785156
28 224.90164184570312
29 225.79942321777344
