0 249.1019287109375
1 251.40911865234375
2 252.75314331054688
3 253.93887329101562
4 257.9982604980469
5 258.8309631347656
6 262.7323303222656
7 263.1315002441406
8 265.5486755371094
9 267.16156005859375
10 267.66015625
11 267.74462890625
12 268.82830810546875
13 270.1520690917969
14 270.6181335449219
15 270.9940490722656
16 271.42083740234375
17 271.500244140625
18 272.3343200683594
19 273.09075927734375
20 273.34564208984375
21 274.298828125
22 275.0000305175781
23 275.11981201171875
24 275.3550109863281
25 275.4896545410156
26 275.567626953125
27 275.82940673828125
28 275.86688232421875
29 275.93963623046875
