0 206.3478240966797
1 207.49417114257812
2 211.76657104492188
3 212.16331481933594
4 212.43045043945312
5 216.5590057373047
6 218.33230590820312
7 219.00054931640625
8 219.16905212402344
9 219.28224182128906
10 219.7998809814453
11 221.0762939453125
12 222.3373260498047
13 222.62884521484375
14 222.73582458496094
15 223.19241333007812
16 223.3999786376953
17 223.79315185546875
18 224.01959228515625
19 224.21275329589844
20 224.40206909179688
21 224.64770911419177
22 225.1826934814453
23 225.42605590820312
24 225.9126739501953
25 227.31271362304688
26 227.57354736328125
27 228.2657928466797
28 228.47752380371094
29 228.50349914837196
