0 230.87710571289062
1 248.09466552734375
2 250.86001586914062
3 251.94979858398438
4 253.82154846191406
5 254.52804565429688
6 255.15664672851562
7 255.65110778808594
8 256.4907531738281
9 257.1656494140625
10 257.1776123046875
11 257.549072265625
12 257.89892578125
13 258.332763671875
14 259.1084289550781
15 260.5998229980469
16 260.93792724609375
17 261.37396240234375
18 262.9050598144531
19 263.4789123535156
20 263.763916015625
21 264.310791015625
22 264.8276672363281
23 264.9804382324219
24 265.28778076171875
25 265.75067138671875
26 265.78900146484375
27 265.7939147949219
28 266.3337707519531
29 266.4462585449219
