0 258.0466003417969
1 260.4276428222656
2 263.5853576660156
3 264.631591796875
4 264.795166015625
5 265.11260986328125
6 266.4649658203125
7 266.9944108046423
8 267.82025146484375
9 268.1060791015625
10 268.7325744628906
11 269.0653076171875
12 269.15423583984375
13 269.26580810546875
14 269.5263671875
15 270.0506896972656
16 270.458251953125
17 271.2049560546875
18 271.623046875
19 272.05474853515625
20 272.06231689453125
21 272.96875
22 273.15301513671875
23 273.591064453125
24 274.6837463378906
25 276.35443115234375
26 276.377685546875
27 276.6318359375
28 277.0952453613281
29 277.31341552734375
