0 207.7891845703125
1 208.23143005371094
2 216.84922790527344
3 222.7435760498047
4 224.71826171875
5 226.46263122558594
6 226.65036010742188
7 227.58255004882812
8 228.5392608642578
9 230.26840209960938
10 232.3345947265625
11 233.41781616210938
12 233.5131072998047
13 233.92054748535156
14 234.1507568359375
15 235.51710510253906
16 235.78268432617188
17 236.7471466064453
18 238.41566467285156
19 238.49159657397036
20 239.3861846923828
21 239.90867614746094
22 240.5576934814453
23 240.81546020507812
24 241.64334106445312
25 242.02719116210938
26 242.0458984375
27 242.16104125976562
28 242.2305145263672
29 242.44061279296875
