0 213.49270629882812
1 216.2339630126953
2 220.996337890625
3 221.51632690429688
4 223.05130004882812
5 224.8144073486328
6 224.88848876953125
7 225.381591796875
8 225.5404815673828
9 225.7083740234375
10 226.3584442138672
11 226.45262145996094
12 227.1364288330078
13 227.26556396484375
14 227.6724853515625
15 227.67686349298975
16 228.02569580078125
17 228.1017608642578
18 228.140380859375
19 228.85931396484375
20 229.13839721679688
21 229.63275146484375
22 229.8100128173828
23 229.9678955078125
24 230.4249267578125
25 231.50621032714844
26 231.81430053710938
27 231.8462371826172
28 231.8714599609375
29 231.8746795654297
