0 193.2234649658203
1 195.6995391845703
2 196.41265869140625
3 198.3123779296875
4 199.17239379882812
5 199.2202911376953
6 200.3726806640625
7 202.1535186767578
8 203.3772430419922
9 203.87396240234375
10 204.0119171142578
11 204.02627563476562
12 204.62644958496094
13 204.6606903076172
14 205.01173400878906
15 205.98757934570312
16 206.37071228027344
17 206.6272735595703
18 206.69871520996094
19 206.7255859375
20 208.175537109375
21 208.87781199316964
22 209.15066528320312
23 209.88027954101562
24 209.887451171875
25 210.20204162597656
26 210.37417602539062
27 210.72071838378906
28 210.74630737304688
29 211.185546875
