0 210.86221313476562
1 219.38580322265625
2 228.3614501953125
3 229.3828887939453
4 229.66876220703125
5 230.2706298828125
6 236.0905303955078
7 236.23291015625
8 236.6650848388672
9 236.95138549804688
10 238.32540893554688
11 238.40139770507812
12 238.79359436035156
13 239.17750549316406
14 240.4777374267578
15 240.70042419433594
16 241.39883422851562
17 242.86026000976562
18 243.33506774902344
19 244.3280029296875
20 244.35997009277344
21 244.67688426339922
22 245.13125610351562
23 247.30331420898438
24 248.35629272460938
25 248.6702880859375
26 248.72584533691406
27 248.8497314453125
28 249.11538696289062
29 249.78665161132812
