0 247.44088745117188
1 248.71409606933594
2 250.64346313476562
3 254.72451782226562
4 255.3739013671875
5 257.61248779296875
6 257.9880065917969
7 259.6348876953125
8 259.7129211425781
9 260.23150634765625
10 261.1076965332031
11 261.47393798828125
12 261.6459655761719
13 262.3482666015625
14 263.34356689453125
15 264.1541748046875
16 264.1717529296875
17 264.6579895019531
18 265.6569519042969
19 265.6645812988281
20 266.0854187011719
21 266.2109069824219
22 266.6664123535156
23 267.0236511230469
24 268.0643310546875
25 268.994140625
26 269.4603271484375
27 269.8233642578125
28 270.43231201171875
29 270.48785400390625
