0 243.80926513671875
1 268.19525146484375
2 269.0921630859375
3 289.845458984375
4 290.5843200683594
5 291.62469482421875
6 291.72625732421875
7 292.5313415527344
8 293.1684875488281
9 294.7391662597656
10 294.8934020996094
11 295.76904296875
12 296.08673095703125
13 296.4264221191406
14 296.6407470703125
15 297.2681579589844
16 297.9966125488281
17 300.01263427734375
18 302.0329895019531
19 302.28961181640625
20 303.5668640136719
21 304.0364685058594
22 304.3101806640625
23 304.87689208984375
24 306.11572265625
25 306.30950927734375
26 306.5044860839844
27 306.5072326660156
28 307.817138671875
29 308.0653991699219
