0 120.5755386352539
1 178.79544067382812
2 179.14364624023438
3 182.06796264648438
4 199.0519561767578
5 206.6728515625
6 226.61439514160156
7 228.0781856233091
8 228.10552978515625
9 228.96043395996094
10 229.04417419433594
11 230.21923828125
12 232.88059997558594
13 233.0822296142578
14 233.7042999267578
15 235.670166015625
16 236.49179077148438
17 237.81674194335938
18 237.8701171875
19 238.7071990966797
20 239.21023559570312
21 241.0463104248047
22 241.6383056640625
23 241.64517211914062
24 241.66848754882812
25 242.056396484375
26 242.86349487304688
27 243.18861389160156
28 243.49447631835938
29 243.5430908203125
