0 270.58074951171875
1 271.470703125
2 271.547607421875
3 272.36932373046875
4 272.8047790527344
5 274.329345703125
6 275.0249514988167
7 275.5025939941406
8 275.7265625
9 276.5343933105469
10 276.842529296875
11 277.22198486328125
12 277.3963623046875
13 278.0526123046875
14 278.1531066894531
15 278.4205322265625
16 278.7621154785156
17 278.8224792480469
18 278.930908203125
19 279.0562744140625
20 279.113525390625
21 279.2766418457031
22 279.5379638671875
23 279.69769287109375
24 280.4514465332031
25 280.54937744140625
26 280.6915283203125
27 280.8471984863281
28 281.08526611328125
29 281.2227478027344
