0 191.19081115722656
1 194.06259155273438
2 194.42117309570312
3 194.92051696777344
4 195.64244079589844
5 197.1420440673828
6 200.50714111328125
7 202.54714965820312
8 202.7093505859375
9 202.8072052001953
10 202.8467559814453
11 204.1725616455078
12 204.20281982421875
13 204.72381591796875
14 205.4893035888672
15 205.8425750732422
16 206.65817260742188
17 207.14227294921875
18 208.0197296142578
19 208.47727966308594
20 209.07131958007812
21 210.41998291015625
22 211.65769958496094
23 212.1200714111328
24 213.01979064941406
25 213.10601806640625
26 213.22836303710938
27 213.34634399414062
28 213.41233825683594
29 213.62399291992188
