0 226.85073852539062
1 229.93544006347656
2 235.04566955566406
3 236.59542846679688
4 237.358642578125
5 237.50537109375
6 238.26910400390625
7 238.81451416015625
8 238.93772888183594
9 239.29556274414062
10 240.2012939453125
11 240.75936889648438
12 241.04576110839844
13 242.59942626953125
14 243.44781494140625
15 243.69754028320312
16 244.8909149169922
17 245.17922973632812
18 245.25173950195312
19 245.47926330566406
20 245.62869262695312
21 245.97775268554688
22 245.99607849121094
23 246.458740234375
24 246.6625213623047
25 246.79319763183594
26 247.60256958007812
27 247.97869873046875
28 248.0090789794922
29 248.20693969726562
