0 186.96400451660156
1 194.9188995361328
2 196.0377197265625
3 198.56661987304688
4 202.12518310546875
5 203.6822509765625
6 204.09042358398438
7 204.4547576904297
8 204.81005859375
9 205.224609375
10 205.5594940185547
11 206.8087921142578
12 206.86453247070312
13 207.06280517578125
14 207.4606475830078
15 208.39109802246094
16 208.42208862304688
17 208.52427673339844
18 208.58189392089844
19 209.43759155273438
20 210.49502563476562
21 210.60546875
22 211.44664001464844
23 213.20155334472656
24 213.53341674804688
25 213.70407104492188
26 213.71945190429688
27 214.21719360351562
28 214.73675537109375
29 214.80772399902344
