0 193.2818603515625
1 193.74380493164062
2 196.40675354003906
3 196.44667053222656
4 197.07418823242188
5 198.35142517089844
6 199.06942749023438
7 199.20362854003906
8 201.88882446289062
9 202.39108276367188
10 202.4244384765625
11 203.4405517578125
12 203.4526662312479
13 203.5473175048828
14 204.51333618164062
15 204.9661865234375
16 205.1418914794922
17 205.96295166015625
18 206.47581481933594
19 206.72756958007812
20 207.5103302001953
21 207.73794555664062
22 207.87831115722656
23 208.2882537841797
24 208.31924438476562
25 208.34349060058594
26 209.56631469726562
27 210.71165466308594
28 211.30877685546875
29 211.9913787841797
