0 181.55735778808594
1 184.0005340576172
2 187.33383178710938
3 190.91383361816406
4 191.4801788330078
5 192.01809692382812
6 192.19296264648438
7 192.86587524414062
8 193.8704376220703
9 194.37510681152344
10 195.27027893066406
11 195.31942749023438
12 195.79611206054688
13 195.96653747558594
14 196.70449829101562
15 198.22447204589844
16 198.7183380126953
17 199.0342559814453
18 199.804443359375
19 200.0263671875
20 200.3775634765625
21 200.4659423828125
22 200.55783081054688
23 200.76663208007812
24 201.2407684326172
25 201.26712036132812
26 202.06640625
27 202.1947784423828
28 202.33824157714844
29 203.11032104492188
