0 240.02508544921875
1 252.0101318359375
2 256.360107421875
3 258.10443115234375
4 283.6805419921875
5 285.138671875
6 286.7616271972656
7 288.3553161621094
8 292.25641735964604
9 294.92413330078125
10 295.705078125
11 296.32879638671875
12 296.8403625488281
13 296.8718566894531
14 298.41796875
15 298.4747619628906
16 299.0114440917969
17 299.7434997558594
18 300.48455810546875
19 301.0925598144531
20 301.2309265136719
21 301.29150390625
22 301.482666015625
23 301.52972412109375
24 302.5235595703125
25 302.5301513671875
26 303.1487121582031
27 303.7767333984375
28 304.3995666503906
29 305.5886535644531
