0 182.93099975585938
1 183.48385620117188
2 188.4405517578125
3 188.63084411621094
4 191.35935974121094
5 193.33175659179688
6 193.80386352539062
7 193.86773681640625
8 194.4219512939453
9 196.61793518066406
10 197.04946899414062
11 197.093017578125
12 197.26834106445312
13 197.37710571289062
14 197.69064331054688
15 197.82725524902344
16 198.57919311523438
17 198.85011291503906
18 198.87353515625
19 199.18222045898438
20 199.67263793945312
21 199.87710571289062
22 199.9171905517578
23 200.00326538085938
24 200.57530212402344
25 200.72476196289062
26 200.88369750976562
27 200.90118408203125
28 201.04017639160156
29 201.1018524169922
