0 224.7733154296875
1 229.21534729003906
2 230.30142211914062
3 232.84603881835938
4 233.73361206054688
5 235.95587158203125
6 236.5877685546875
7 241.0552978515625
8 241.40191650390625
9 242.6005859375
10 242.73651123046875
11 244.19979858398438
12 245.4539794921875
13 245.63507080078125
14 245.89511108398438
15 246.02459716796875
16 246.12838745117188
17 246.15011596679688
18 246.39898681640625
19 246.40560913085938
20 246.49832153320312
21 246.90951538085938
22 247.1492919921875
23 247.47256469726562
24 248.1683349609375
25 248.9052734375
26 249.37222290039062
27 249.5950164794922
28 249.69943237304688
29 249.87255859375
