0 254.586181640625
1 255.11019897460938
2 257.3921203613281
3 259.2627868652344
4 259.66705322265625
5 263.52825927734375
6 267.0594177246094
7 269.14154052734375
8 269.9542541503906
9 269.9542541503906
10 271.27886962890625
11 271.2845458984375
12 271.60235595703125
13 272.2710266113281
14 272.77978515625
15 273.0853271484375
16 273.7392883300781
17 274.5313415527344
18 275.7637023925781
19 275.9821472167969
20 276.719970703125
21 276.74346923828125
22 276.8984680175781
23 277.4415283203125
24 278.12847900390625
25 278.13153076171875
26 278.6817626953125
27 278.889404296875
28 279.2993469238281
29 279.7607421875
