0 212.02232360839844
1 215.71951293945312
2 217.1861114501953
3 217.3421173095703
4 221.53536987304688
5 222.22418212890625
6 222.2386016845703
7 225.30551147460938
8 226.1858673095703
9 226.23802185058594
10 226.38919067382812
11 226.5458984375
12 226.66329956054688
13 226.75331115722656
14 226.89447021484375
15 227.13600158691406
16 227.40438842773438
17 227.5592498779297
18 228.20675659179688
19 228.8941192626953
20 229.11114501953125
21 229.41793823242188
22 229.9029048978806
23 230.46669006347656
24 230.6418914794922
25 230.95919799804688
26 231.22181701660156
27 231.22930908203125
28 231.36807250976562
29 231.49026489257812
