0 219.74655151367188
1 223.47708129882812
2 224.6665802001953
3 232.19671630859375
4 235.21632385253906
5 236.05239868164062
6 236.41506958007812
7 236.64999389648438
8 237.90267944335938
9 238.29354858398438
10 238.81494140625
11 238.83587646484375
12 238.8660888671875
13 240.67652893066406
14 240.90679931640625
15 241.0126953125
16 241.21630859375
17 241.41554260253906
18 241.943115234375
19 242.28033447265625
20 242.37884521484375
21 244.56765747070312
22 244.59605407714844
23 244.69393920898438
24 244.99957275390625
25 245.05722045898438
26 245.20578002929688
27 245.28143310546875
28 245.39720153808594
29 245.42103576660156
