0 145.48043823242188
1 216.8894805908203
2 218.88070678710938
3 224.79061889648438
4 231.00267028808594
5 236.87751998599418
6 237.91748046875
7 239.8191680908203
8 243.5369110107422
9 244.41490173339844
10 244.51048278808594
11 244.91143798828125
12 245.34768676757812
13 247.2254638671875
14 247.65451049804688
15 248.35008239746094
16 248.6076202392578
17 249.0867156982422
18 249.73269653320312
19 250.13519287109375
20 250.68592834472656
21 251.03717041015625
22 251.25473022460938
23 251.28717041015625
24 251.33935546875
25 251.5036163330078
26 251.77261352539062
27 252.27774047851562
28 252.6121063232422
29 252.85484313964844
