0 198.34381103515625
1 202.80467224121094
2 203.79779052734375
3 205.93527221679688
4 216.42526245117188
5 217.01820373535156
6 217.21884155273438
7 218.38992309570312
8 220.05535888671875
9 224.07662963867188
10 226.0851287841797
11 227.20748901367188
12 227.68260192871094
13 227.8640594482422
14 228.06912231445312
15 228.2271728515625
16 229.14520263671875
17 229.14683532714844
18 229.2017364501953
19 229.3244171142578
20 230.8854217529297
21 231.11009216308594
22 231.41197204589844
23 231.54537963867188
24 231.59521484375
25 231.64578247070312
26 232.16664123535156
27 232.65252685546875
28 233.18751525878906
29 233.3362579345703
