0 176.45700073242188
1 180.67041015625
2 183.3212890625
3 183.7868194580078
4 187.488525390625
5 188.68020629882812
6 192.47959899902344
7 192.7400665283203
8 195.7513427734375
9 199.2579345703125
10 200.04420471191406
11 200.8930206298828
12 201.28652954101562
13 201.5116424560547
14 202.36215209960938
15 203.1735076904297
16 203.2071533203125
17 203.64466857910156
18 204.55242919921875
19 204.69778442382812
20 204.828369140625
21 205.0551300048828
22 205.15126037597656
23 205.74920654296875
24 205.7631378173828
25 206.35499572753906
26 207.02418983114302
27 207.20297241210938
28 207.4721221923828
29 207.776611328125
