0 178.41058349609375
1 189.22216796875
2 191.41708374023438
3 193.41307067871094
4 198.12020874023438
5 198.49411010742188
6 199.35354614257812
7 199.453125
8 199.99423217773438
9 200.45928955078125
10 201.31106567382812
11 202.80984497070312
12 202.8777313232422
13 202.9359130859375
14 204.4178924560547
15 205.03465270996094
16 206.72726440429688
17 207.4282989501953
18 208.34327697753906
19 208.5908966064453
20 208.8948211669922
21 210.72537231445312
22 210.8146514892578
23 211.0951385498047
24 211.2381591796875
25 211.24337768554688
26 211.3101806640625
27 211.75564575195312
28 211.99705505371094
29 213.46160888671875
