0 156.02114868164062
1 173.61041259765625
2 187.57391357421875
3 191.49276733398438
4 192.2257537841797
5 194.1041717529297
6 196.40016174316406
7 198.38107299804688
8 202.11598205566406
9 203.78741455078125
10 206.1193389892578
11 206.7837677001953
12 207.47076416015625
13 208.47976684570312
14 208.85406494140625
15 211.99594116210938
16 212.0502471923828
17 212.6512451171875
18 212.85748291015625
19 213.15443420410156
20 213.97409057617188
21 214.09872436523438
22 215.01925659179688
23 216.58316040039062
24 217.2892608642578
25 217.54225158691406
26 217.63751220703125
27 218.41355895996094
28 218.50411987304688
29 218.71005249023438
