0 239.5870361328125
1 242.45675659179688
2 244.7169189453125
3 245.40042114257812
4 247.31503295898438
5 247.67091369628906
6 248.6873779296875
7 248.6873779296875
8 249.07681274414062
9 249.64181518554688
10 250.12448120117188
11 251.83474731445312
12 253.28598022460938
13 253.7845458984375
14 253.86074829101562
15 254.19102478027344
16 254.214111328125
17 254.32037353515625
18 254.71905517578125
19 255.23675537109375
20 255.4074249267578
21 255.57421875
22 255.9224395751953
23 256.22930908203125
24 257.9253234863281
25 258.562744140625
26 258.667724609375
27 258.70404052734375
28 258.85235595703125
29 258.97998046875
