0 216.6271514892578
1 224.86114501953125
2 225.5355224609375
3 231.78652954101562
4 232.0760955810547
5 233.62252807617188
6 237.13116455078125
7 239.83909606933594
8 241.41976928710938
9 242.7827606201172
10 243.67971801757812
11 243.9563751220703
12 244.93067932128906
13 245.15777587890625
14 246.1494598388672
15 247.49395751953125
16 247.8077392578125
17 247.87506103515625
18 248.83816528320312
19 249.17764282226562
20 249.30174255371094
21 250.38314819335938
22 251.28211975097656
23 251.77267456054688
24 253.02198791503906
25 254.06082153320312
26 254.5159454345703
27 254.5501708984375
28 254.64883422851562
29 255.00445556640625
