0 240.76123046875
1 241.02401733398438
2 241.8918914794922
3 246.85049438476562
4 247.8665771484375
5 253.4718475341797
6 256.37384033203125
7 256.7931213378906
8 257.27117919921875
9 257.32073974609375
10 258.6054992675781
11 260.3660891297255
12 261.830078125
13 263.6740417480469
14 265.1150207519531
15 265.30999755859375
16 265.3470764160156
17 265.3523864746094
18 265.5414733886719
19 265.5823059082031
20 265.7121887207031
21 266.3249206542969
22 266.66925048828125
23 267.3185729980469
24 267.77703857421875
25 268.4747009277344
26 269.6564636230469
27 269.66461181640625
28 269.97662353515625
29 270.09857177734375
