0 213.45816040039062
1 216.09738159179688
2 221.29920959472656
3 224.51300048828125
4 224.56320190429688
5 228.09837341308594
6 229.39764404296875
7 235.98956298828125
8 236.50296020507812
9 237.61587524414062
10 237.8155517578125
11 237.8514404296875
12 238.5706787109375
13 238.58102416992188
14 239.07101440429688
15 239.44105529785156
16 239.91929626464844
17 240.12277221679688
18 240.16844177246094
19 241.48841857910156
20 241.96507263183594
21 242.22691345214844
22 242.51358032226562
23 244.480712890625
24 244.50282287597656
25 245.09207153320312
26 245.65304565429688
27 245.73179626464844
28 246.21957397460938
29 246.48719787597656
