0 199.23294067382812
1 208.70111083984375
2 213.81875610351562
3 214.0943145751953
4 214.10064697265625
5 216.43936157226562
6 221.48895263671875
7 224.88587951660156
8 229.52427673339844
9 230.46173095703125
10 231.88565063476562
11 234.29042053222656
12 235.26373291015625
13 235.4446258544922
14 235.99993896484375
15 237.19593811035156
16 237.87989807128906
17 238.5943603515625
18 239.1226043701172
19 239.80535888671875
20 240.32974243164062
21 240.94578552246094
22 241.01382446289062
23 241.7811279296875
24 242.8790283203125
25 242.91329956054688
26 244.69918823242188
27 244.7956085205078
28 244.88487243652344
29 246.54025268554688
