0 156.57284545898438
1 196.49713134765625
2 209.96014404296875
3 215.7109375
4 219.50009155273438
5 226.37066650390625
6 226.37066650390625
7 227.47447204589844
8 228.66249084472656
9 233.20944213867188
10 241.30703735351562
11 242.11569213867188
12 242.27745056152344
13 242.84451293945312
14 244.067626953125
15 244.2955322265625
16 245.4783172607422
17 245.78768920898438
18 246.9268798828125
19 248.69309997558594
20 248.73883056640625
21 250.14639282226562
22 250.2962646484375
23 250.4171142578125
24 250.84640502929688
25 252.05735778808594
26 252.52206420898438
27 252.98780822753906
28 253.72528076171875
29 254.5478515625
