0 178.3130645751953
1 189.87684631347656
2 193.261962890625
3 194.7904815673828
4 198.11927795410156
5 198.7225341796875
6 199.20281982421875
7 199.86642456054688
8 200.00567626953125
9 200.11532592773438
10 200.37278747558594
11 200.4971923828125
12 201.92266845703125
13 202.52676391601562
14 204.01539611816406
15 205.40838623046875
16 205.40870666503906
17 205.83419799804688
18 206.4654083251953
19 206.4808349609375
20 206.5130615234375
21 206.83558654785156
22 206.8728790283203
23 206.8728790283203
24 207.1720733642578
25 207.51504516601562
26 207.807861328125
27 208.24449157714844
28 208.32095336914062
29 208.857421875
