0 266.24737548828125
1 284.8908996582031
2 286.2138671875
3 287.81927490234375
4 291.113525390625
5 291.883544921875
6 292.0288391113281
7 295.4941101074219
8 296.6557312011719
9 297.2349853515625
10 298.7828369140625
11 299.7327880859375
12 301.78411865234375
13 303.0601806640625
14 304.8101806640625
15 305.4692687988281
16 305.5218505859375
17 305.8374328613281
18 306.00970458984375
19 306.0181884765625
20 306.2348327636719
21 306.25677490234375
22 306.6969299316406
23 306.77972412109375
24 307.01666259765625
25 307.7559814453125
26 308.68548583984375
27 308.8759765625
28 309.1256103515625
29 310.158203125
