0 189.14089965820312
1 191.92901611328125
2 194.3975830078125
3 203.50640869140625
4 204.42770385742188
5 204.4932861328125
6 209.05264282226562
7 211.5315704345703
8 212.360595703125
9 214.13487243652344
10 216.80010986328125
11 218.32167053222656
12 218.785888671875
13 218.8606719970703
14 218.8795623779297
15 219.53492736816406
16 219.8475341796875
17 220.00448608398438
18 220.023193359375
19 220.0472412109375
20 220.58639526367188
21 221.0191650390625
22 221.42337036132812
23 221.57591247558594
24 222.13958740234375
25 222.20376586914062
26 222.61398315429688
27 223.14898681640625
28 223.36627197265625
29 223.4273681640625
