0 187.356201171875
1 197.5186309814453
2 199.1405029296875
3 200.48876953125
4 205.094970703125
5 206.07785034179688
6 206.239990234375
7 211.450927734375
8 211.778076171875
9 212.1007080078125
10 214.81674194335938
11 216.7490234375
12 219.17430114746094
13 219.50050354003906
14 219.55282592773438
15 220.71981811523438
16 221.50213623046875
17 222.03106689453125
18 223.31204223632812
19 224.66880798339844
20 224.75244140625
21 224.887451171875
22 224.94924926757812
23 225.221435546875
24 226.22909545898438
25 227.00913965782777
26 227.0485076904297
27 228.4290008544922
28 229.26063537597656
29 229.37213134765625
