0 180.3492431640625
1 186.62973022460938
2 197.23403930664062
3 198.0686798095703
4 198.4818115234375
5 198.77490234375
6 199.0177459716797
7 200.02957153320312
8 201.27322387695312
9 203.89071655273438
10 204.68545532226562
11 205.0046844482422
12 205.9237518310547
13 206.44183349609375
14 206.6117706298828
15 206.84173583984375
16 207.1667022705078
17 207.49436950683594
18 207.9571533203125
19 208.81692504882812
20 208.9263153076172
21 209.19583129882812
22 209.73533630371094
23 210.0063934326172
24 210.50820922851562
25 210.65744018554688
26 210.9981689453125
27 211.04005432128906
28 211.36825233028543
29 211.54339599609375
