0 218.68081665039062
1 220.38064575195312
2 223.2176513671875
3 223.86375427246094
4 226.96902465820312
5 227.55441284179688
6 229.45654296875
7 229.49365234375
8 229.55419921875
9 229.7821044921875
10 229.99452209472656
11 230.338134765625
12 230.7698974609375
13 230.874755859375
14 230.99209594726562
15 231.29288215286428
16 232.29156494140625
17 232.64401245117188
18 233.1531524658203
19 233.79794311523438
20 233.87391662597656
21 234.6358642578125
22 235.16409301757812
23 235.22113037109375
24 235.2335205078125
25 235.46092224121094
26 235.6095733642578
27 235.80055236816406
28 235.9705810546875
29 236.1680450439453
