0 224.17306518554688
1 241.861328125
2 243.71176147460938
3 243.97470092773438
4 244.51145935058594
5 247.5632781982422
6 247.7549285888672
7 247.7767333984375
8 248.7437286376953
9 249.08616638183594
10 249.44293212890625
11 250.55908203125
12 250.64443969726562
13 250.78297424316406
14 253.19869995117188
15 253.34347534179688
16 253.38137817382812
17 253.4299774169922
18 254.80865478515625
19 255.80764770507812
20 255.9454345703125
21 256.7142333984375
22 256.79278564453125
23 257.37255859375
24 257.60052490234375
25 257.90875244140625
26 257.947509765625
27 258.9516906738281
28 259.3887939453125
29 259.966064453125
