0 164.58480834960938
1 192.73358154296875
2 198.69183349609375
3 205.28614807128906
4 218.9406280517578
5 228.93243408203125
6 245.84066772460938
7 248.58648681640625
8 250.1285400390625
9 250.77552795410156
10 252.36094665527344
11 253.08790588378906
12 254.22506713867188
13 257.43853759765625
14 257.8478698730469
15 258.295654296875
16 260.28033447265625
17 261.7567443847656
18 262.7489013671875
19 263.1175537109375
20 263.792236328125
21 264.2972412109375
22 266.9208984375
23 267.1270751953125
24 267.3357238769531
25 267.6879577636719
26 268.11834716796875
27 268.13311767578125
28 269.4296875
29 269.44378662109375
