0 182.44052124023438
1 186.0643310546875
2 191.33236694335938
3 194.27072143554688
4 194.77477463830064
5 196.5775909423828
6 199.52601623535156
7 202.51318359375
8 202.5775909423828
9 203.62155151367188
10 203.74000549316406
11 204.23435974121094
12 204.8096466064453
13 205.0880126953125
14 205.26776123046875
15 205.6094970703125
16 207.445068359375
17 207.62863159179688
18 207.97080993652344
19 208.0115509033203
20 208.334716796875
21 208.50100708007812
22 208.84231567382812
23 209.08322143554688
24 211.08721923828125
25 211.92082172289162
26 212.02801513671875
27 212.03041076660156
28 212.287841796875
29 212.4310760498047
