0 237.89682006835938
1 240.3079833984375
2 240.62945556640625
3 243.3310546875
4 246.79734802246094
5 247.20217895507812
6 248.086181640625
7 249.00909423828125
8 250.0567169189453
9 253.75692749023438
10 253.77696228027344
11 254.58901977539062
12 254.91424560546875
13 254.9978790283203
14 255.1503143310547
15 255.50363159179688
16 255.71961975097656
17 256.05218505859375
18 256.2958679199219
19 256.73687744140625
20 257.39373779296875
21 257.7400817871094
22 257.97906494140625
23 258.40521240234375
24 258.8419494628906
25 258.92156982421875
26 259.13336181640625
27 259.57769775390625
28 259.59783935546875
29 260.214111328125
