0 225.69850158691406
1 226.74456787109375
2 228.11203002929688
3 229.2718048095703
4 231.90496826171875
5 233.44235229492188
6 234.09091186523438
7 234.27256774902344
8 234.45831298828125
9 234.74911499023438
10 235.25640869140625
11 236.67010498046875
12 237.1411590576172
13 238.02374267578125
14 238.78953552246094
15 238.82998657226562
16 239.03250122070312
17 239.05575561523438
18 239.6812744140625
19 239.71368408203125
20 241.30198669433594
21 241.63427734375
22 241.8184051513672
23 243.123291015625
24 243.12960815429688
25 243.347412109375
26 243.52447509765625
27 243.78616333007812
28 244.11947631835938
29 244.54470825195312
