0 187.21027781465287
1 190.10244750976562
2 190.9572296142578
3 191.26663208007812
4 191.78225708007812
5 193.19639587402344
6 194.77227783203125
7 195.7806396484375
8 195.95504760742188
9 196.51351928710938
10 197.29876708984375
11 197.8258056640625
12 197.99951171875
13 198.83029174804688
14 198.90707397460938
15 199.3693389892578
16 200.40292358398438
17 200.61630249023438
18 202.16871643066406
19 202.2299041748047
20 202.71559143066406
21 203.09976196289062
22 203.65231323242188
23 204.51051330566406
24 204.5655975341797
25 205.20823669433594
26 205.38461303710938
27 205.42623901367188
28 205.42623901367188
29 205.74574279785156
