0 176.17431640625
1 181.86666870117188
2 187.66946411132812
3 188.4546661376953
4 190.17245483398438
5 190.9151397401962
6 191.23658752441406
7 193.4114990234375
8 194.30361938476562
9 195.56716918945312
10 195.71139526367188
11 195.87173461914062
12 195.89686584472656
13 196.08558654785156
14 196.3512420654297
15 196.36434936523438
16 196.612548828125
17 196.83626397128
18 197.02813720703125
19 197.10276794433594
20 197.1900634765625
21 197.69094848632812
22 197.96995577286046
23 198.12889099121094
24 198.833984375
25 199.28225708007812
26 199.30039978027344
27 199.53778076171875
28 199.91949462890625
29 200.12997436523438
