0 221.33773803710938
1 221.6256866455078
2 236.12051391601562
3 238.37461853027344
4 239.89796447753906
5 239.9651641845703
6 240.81126403808594
7 242.2362060546875
8 242.78347778320312
9 243.122112118496
10 244.09988403320312
11 244.17816162109375
12 244.7927508914677
13 245.20965576171875
14 245.69590759277344
15 245.8177947998047
16 246.27401733398438
17 247.13002014160156
18 247.9694061279297
19 248.03298950195312
20 248.03794860839844
21 248.11837768554688
22 248.16159057617188
23 248.2677459716797
24 248.40890502929688
25 248.48233032226562
26 249.10032653808594
27 249.14613342285156
28 249.41400146484375
29 249.57969665527344
