0 236.52447509765625
1 237.40333557128906
2 238.44056701660156
3 242.72926330566406
4 244.23423767089844
5 256.4471130371094
6 257.4842224121094
7 260.1717529296875
8 260.45111083984375
9 261.2565612792969
10 262.4360656738281
11 262.7218017578125
12 264.79791259765625
13 265.04205322265625
14 265.71600341796875
15 268.1183166503906
16 268.30889892578125
17 268.6709899902344
18 270.4542236328125
19 270.83306884765625
20 270.8368835449219
21 270.8865051269531
22 270.94232177734375
23 271.47454833984375
24 272.7377014160156
25 272.8035583496094
26 274.9747314453125
27 275.2812194824219
28 275.3724365234375
29 275.9971923828125
