0 233.92079162597656
1 233.92079162597656
2 241.1842041015625
3 243.54612731933594
4 244.32937622070312
5 244.8676300048828
6 247.91835021972656
7 249.15365600585938
8 249.2256622314453
9 249.49887084960938
10 250.51959228515625
11 250.65948486328125
12 250.87356567382812
13 251.2738494873047
14 251.9938507080078
15 253.00233459472656
16 253.4404754638672
17 253.68482971191406
18 253.95797729492188
19 254.94659423828125
20 255.17637634277344
21 255.63429260253906
22 255.686767578125
23 255.7799072265625
24 256.18902587890625
25 257.0988464355469
26 257.308837890625
27 257.4442138671875
28 257.8983459472656
29 258.36468505859375
