0 248.83184814453125
1 249.62179565429688
2 252.1440887451172
3 252.48959350585938
4 252.681396484375
5 255.0998992919922
6 255.49000549316406
7 257.021728515625
8 257.0770568847656
9 257.42828369140625
10 258.51788330078125
11 259.1543884277344
12 259.1543884277344
13 259.71514892578125
14 259.7353210449219
15 259.8289489746094
16 260.33428955078125
17 261.3307189941406
18 262.374755859375
19 262.540771484375
20 262.5726013183594
21 263.1002502441406
22 263.12896728515625
23 263.34228515625
24 263.3731689453125
25 263.5126647949219
26 263.559326171875
27 264.5767517089844
28 264.7567443847656
29 264.824951171875
