0 209.1281280517578
1 213.51025390625
2 226.08969116210938
3 233.91888427734375
4 234.73226928710938
5 240.70040893554688
6 241.39743041992188
7 241.86785888671875
8 242.08859252929688
9 242.23202514648438
10 242.84140014648438
11 243.99058532714844
12 244.93760681152344
13 245.82069396972656
14 246.20652770996094
15 247.83265686035156
16 247.9098663330078
17 249.75782775878906
18 249.8013153076172
19 250.339599609375
20 251.20001220703125
21 251.41070556640625
22 251.520751953125
23 251.76422119140625
24 251.90786743164062
25 251.9564666748047
26 252.19671630859375
27 252.2554473876953
28 252.45399475097656
29 252.68740873583278
