0 160.92884826660156
1 167.69342041015625
2 167.97459411621094
3 172.79360961914062
4 174.82437133789062
5 179.21041870117188
6 184.43214416503906
7 185.35543823242188
8 185.6998291015625
9 185.776611328125
10 187.14215087890625
11 187.22543334960938
12 187.77322387695312
13 188.16265869140625
14 188.27133178710938
15 188.51815795898438
16 188.67950439453125
17 189.10462951660156
18 189.45468139648438
19 189.4724578857422
20 189.8014678955078
21 190.54550170898438
22 190.94935607910156
23 191.2307586669922
24 191.56605529785156
25 191.8250274658203
26 191.8870086669922
27 192.04603576660156
28 193.15106201171875
29 193.38558959960938
