0 525.830810546875
1 532.6806640625
2 536.6065063476562
3 540.9183349609375
4 541.2807006835938
5 544.6756591796875
6 545.9633178710938
7 546.30517578125
8 546.3094482421875
9 546.422607421875
10 547.07275390625
11 547.3275756835938
12 547.8424072265625
13 548.596923828125
14 548.7703247070312
15 549.2551879882812
16 549.4803466796875
17 549.930908203125
18 550.1741333007812
19 551.3555297851562
20 551.9561157226562
21 552.2587280273438
22 553.5701904296875
23 553.7794382296646
24 554.22802734375
25 554.743896484375
26 555.3057250976562
27 555.558837890625
28 555.8963012695312
29 556.6362915039062
