0 224.75157165527344
1 236.7924346923828
2 238.02197265625
3 238.57974243164062
4 240.75765991210938
5 241.44618225097656
6 241.46466064453125
7 241.89810180664062
8 244.50997924804688
9 244.6383056640625
10 245.5767059326172
11 246.10366821289062
12 247.2209930419922
13 248.55813598632812
14 248.82174682617188
15 248.98809814453125
16 249.40106201171875
17 249.73187255859375
18 249.9623260498047
19 250.02505493164062
20 250.17138671875
21 250.76031494140625
22 251.13986206054688
23 251.2155303955078
24 251.39346313476562
25 251.75762939453125
26 251.7799530029297
27 251.96583557128906
28 251.96914672851562
29 252.0711669921875
