0 164.52398681640625
1 174.10470581054688
2 176.598388671875
3 201.64599609375
4 206.3023681640625
5 207.4952392578125
6 208.40118408203125
7 208.78028869628906
8 209.70498657226562
9 210.40359497070312
10 211.2757568359375
11 212.02316284179688
12 214.9447479248047
13 216.42230224609375
14 218.63406372070312
15 218.65530395507812
16 219.48751831054688
17 220.5059356689453
18 220.5247344970703
19 221.01983642578125
20 221.7229461669922
21 221.79058837890625
22 222.98416137695312
23 223.0926971435547
24 223.23182678222656
25 223.77328491210938
26 224.3364715576172
27 224.37351989746094
28 224.4866180419922
29 224.54437255859375
