0 235.05166625976562
1 235.41270446777344
2 243.4310302734375
3 245.28921508789062
4 247.25985717773438
5 247.70741271972656
6 247.85366821289062
7 247.87551879882812
8 248.69573974609375
9 250.13815307617188
10 251.53829956054688
11 251.87274169921875
12 251.99835205078125
13 253.08984375
14 254.5123748779297
15 255.34918212890625
16 256.1629333496094
17 256.7095642089844
18 256.8851623535156
19 256.9693603515625
20 257.0645751953125
21 258.5440673828125
22 258.9639587402344
23 259.35357666015625
24 259.81036376953125
25 259.9919073508034
26 260.49273681640625
27 260.6422424316406
28 260.6766357421875
29 260.6869812011719
