0 221.4951171875
1 221.4951171875
2 223.9417266845703
3 225.08859252929688
4 226.51194763183594
5 228.95114135742188
6 232.24093627929688
7 233.050537109375
8 236.11184692382812
9 239.7410888671875
10 240.75753784179688
11 241.03536987304688
12 245.62579345703125
13 247.38931274414062
14 247.53201293945312
15 248.28698118941657
16 249.41531372070312
17 249.6575469970703
18 249.7858428955078
19 251.81967163085938
20 252.84005737304688
21 253.59091186523438
22 254.4982147216797
23 255.19754028320312
24 255.40689086914062
25 256.5741882324219
26 256.81781005859375
27 257.4030456542969
28 257.82177734375
29 258.18731689453125
