0 203.2640380859375
1 205.519775390625
2 206.1640167236328
3 206.79458618164062
4 207.02183532714844
5 207.62405395507812
6 208.33551025390625
7 208.8317108154297
8 209.65573120117188
9 213.42425537109375
10 213.77655029296875
11 214.06776428222656
12 216.061767578125
13 216.95587158203125
14 217.49908447265625
15 217.89483642578125
16 217.94708251953125
17 218.12228393554688
18 218.22805786132812
19 218.32269287109375
20 218.6451416015625
21 219.55880737304688
22 219.76947021484375
23 219.90992736816406
24 219.93637084960938
25 220.22958374023438
26 221.16021728515625
27 222.3651123046875
28 222.89157104492188
29 222.90025329589844
