0 212.97714233398438
1 213.7770233154297
2 215.26600646972656
3 218.9553985595703
4 219.2898712158203
5 219.6245574951172
6 219.92434692382812
7 222.73715209960938
8 222.7571258544922
9 222.82916259765625
10 223.3542938232422
11 224.54269409179688
12 225.00103759765625
13 225.67202758789062
14 225.70498657226562
15 225.70907592773438
16 225.98590087890625
17 226.69625854492188
18 231.14212036132812
19 231.38839721679688
20 233.06057739257812
21 235.40548706054688
22 235.4913787841797
23 235.8726806640625
24 235.9663543701172
25 236.37026977539062
26 236.88296508789062
27 236.9801483154297
28 237.36911010742188
29 238.33743286132812
