0 224.0663604736328
1 225.58428165288367
2 226.14154052734375
3 226.76222229003906
4 227.48304748535156
5 228.6436767578125
6 228.81866455078125
7 229.26609802246094
8 229.557861328125
9 229.8228759765625
10 231.15037536621094
11 232.05044555664062
12 233.7150115966797
13 234.2520751953125
14 234.5467987060547
15 235.47598266601562
16 235.75921630859375
17 236.3546905517578
18 236.47889709472656
19 236.8521270751953
20 237.2349395751953
21 237.48179626464844
22 237.49993896484375
23 237.5692901611328
24 237.69134521484375
25 237.89285278320312
26 237.99844360351562
27 238.45310974121094
28 238.8895721435547
29 239.09402465820312
