0 217.2253875732422
1 220.44625854492188
2 221.11679077148438
3 223.4493865966797
4 224.60382080078125
5 225.34991455078125
6 225.39163208007812
7 226.29734802246094
8 229.16456604003906
9 229.66171264648438
10 231.07752990722656
11 231.93577575683594
12 232.22686767578125
13 233.24720237162205
14 234.00877380371094
15 234.0592803955078
16 235.00387573242188
17 235.28622436523438
18 235.58041381835938
19 236.05142211914062
20 236.60067749023438
21 236.6058807373047
22 236.7010955810547
23 237.00839233398438
24 237.22975920318063
25 237.91014099121094
26 237.91297912597656
27 238.3722686767578
28 239.54295349121094
29 239.64846801757812
