0 183.77197265625
1 185.98512268066406
2 192.037353515625
3 203.9669189453125
4 210.78179931640625
5 212.70004272460938
6 216.1281280517578
7 217.25192260742188
8 221.72787475585938
9 222.15968322753906
10 223.381591796875
11 226.1712188720703
12 227.63270568847656
13 229.29071044921875
14 229.75677490234375
15 230.0548858642578
16 230.61648559570312
17 232.63563537597656
18 233.07186889648438
19 233.61973571777344
20 237.2572021484375
21 237.29061889648438
22 237.62838745117188
23 239.37448120117188
24 239.91830444335938
25 240.00787737247794
26 240.2693328857422
27 240.49166870117188
28 240.60362243652344
29 240.78135681152344
