0 222.44744873046875
1 223.54689025878906
2 232.7545928955078
3 236.69387817382812
4 239.11416625976562
5 240.51560974121094
6 242.2659912109375
7 242.73202514648438
8 242.821533203125
9 243.396484375
10 243.75534057617188
11 245.41934204101562
12 247.61471557617188
13 247.8816680908203
14 249.25897216796875
15 249.8942413330078
16 250.7715606689453
17 250.8773193359375
18 252.09210205078125
19 252.12722778320312
20 252.6401824951172
21 253.169921875
22 254.65048217773438
23 255.0933837890625
24 255.10000610351562
25 256.091796875
26 256.4602966308594
27 256.4939270019531
28 256.56988525390625
29 256.99945068359375
