0 228.59117126464844
1 229.0662078857422
2 233.32823181152344
3 233.7172088623047
4 235.2878875732422
5 235.84042358398438
6 238.0873260498047
7 239.35574340820312
8 240.3475341796875
9 243.3072603221979
10 244.23214721679688
11 245.10647583007812
12 245.26251220703125
13 245.28652954101562
14 245.58944702148438
15 245.75364685058594
16 245.99072265625
17 246.04934692382812
18 246.29071044921875
19 246.3280032043724
20 246.6712646484375
21 247.21771240234375
22 247.22781372070312
23 247.3132781982422
24 247.34658813476562
25 247.56924438476562
26 247.70028686523438
27 248.6050567626953
28 248.93626403808594
29 249.00045776367188
