0 170.8421173095703
1 175.81825256347656
2 181.3012237548828
3 185.98214721679688
4 187.69415283203125
5 188.12689208984375
6 188.4087677001953
7 189.74844360351562
8 190.75283813476562
9 191.1513214111328
10 191.21878051757812
11 191.6878662109375
12 191.85943603515625
13 191.86231994628906
14 192.02688598632812
15 192.04127502441406
16 192.16976928710938
17 192.4185791015625
18 192.88427734375
19 193.0111541748047
20 193.8800811767578
21 194.21800231933594
22 194.76165771484375
23 194.817138671875
24 195.21820068359375
25 195.23585510253906
26 195.6732177734375
27 196.07603454589844
28 196.2884521484375
29 196.35577392578125
