0 177.08819580078125
1 183.3277130126953
2 183.61068725585938
3 184.06568908691406
4 184.6697235107422
5 185.31698608398438
6 186.43138122558594
7 187.3824005126953
8 187.60198974609375
9 188.1193084716797
10 188.90103149414062
11 190.79734802246094
12 190.90480041503906
13 191.33908081054688
14 191.46771240234375
15 191.67926025390625
16 191.74261474609375
17 192.36495971679688
18 192.99685668945312
19 193.24859619140625
20 193.88626098632812
21 194.16331481933594
22 194.41490173339844
23 194.485107421875
24 195.1751708984375
25 195.40830993652344
26 196.04156494140625
27 196.56552124023438
28 196.56732177734375
29 196.56768798828125
