0 149.42236328125
1 198.351318359375
2 200.9698944091797
3 202.98773193359375
4 203.5706024169922
5 206.00064086914062
6 206.59097290039062
7 208.01235961914062
8 211.28598022460938
9 213.12762451171875
10 213.873291015625
11 216.10977172851562
12 216.3772430419922
13 217.05718994140625
14 217.25027465820312
15 217.337158203125
16 218.43772888183594
17 218.4509735107422
18 219.5063934326172
19 219.6383819580078
20 219.77700805664062
21 219.96873474121094
22 219.98794555664062
23 220.9667205810547
24 221.1946258544922
25 221.23117065429688
26 221.30296325683594
27 221.809814453125
28 222.01756286621094
29 222.04519653320312
