0 229.23532104492188
1 233.8054962158203
2 236.8416290283203
3 241.24339294433594
4 245.34906005859375
5 246.2804718017578
6 248.12501525878906
7 248.47109985351562
8 251.25778198242188
9 251.3179473876953
10 252.19094848632812
11 252.4640350341797
12 253.3594207763672
13 254.58468627929688
14 255.14382934570312
15 255.14382934570312
16 256.072021484375
17 256.5833740234375
18 257.82345075664443
19 258.8983154296875
20 259.1286926269531
21 259.9430236816406
22 260.4165954589844
23 261.4896545410156
24 261.8157043457031
25 262.0888671875
26 262.1236572265625
27 262.13262939453125
28 262.1959228515625
29 262.227294921875
