0 177.5612030029297
1 189.78363037109375
2 196.80096435546875
3 197.17849731445312
4 198.3704833984375
5 199.81700134277344
6 201.07913208007812
7 201.23214721679688
8 202.1775360107422
9 202.6985321044922
10 203.17831420898438
11 203.38394165039062
12 203.62322998046875
13 204.09420776367188
14 204.92660522460938
15 205.95782470703125
16 206.23056030273438
17 206.26583862304688
18 206.58493041992188
19 207.1502685546875
20 207.4778594970703
21 207.47994995117188
22 208.40196228027344
23 208.93780517578125
24 208.96066284179688
25 209.0707550048828
26 209.14259338378906
27 209.1466064453125
28 209.29380798339844
29 209.707275390625
