0 184.45504760742188
1 186.51100158691406
2 187.0244903564453
3 187.72621154785156
4 188.84466552734375
5 189.16688537597656
6 189.7076873779297
7 189.85694885253906
8 191.35647583007812
9 191.97268676757812
10 192.7861328125
11 192.80911254882812
12 193.02346801757812
13 195.71084594726562
14 196.2093963623047
15 196.48638916015625
16 196.68930053710938
17 197.0250701904297
18 197.1134033203125
19 197.12892150878906
20 197.30201721191406
21 197.85682678222656
22 198.0344696044922
23 198.9979705810547
24 199.07980346679688
25 199.0845947265625
26 199.23440551757812
27 199.50592041015625
28 200.6193389892578
29 200.7986297607422
