0 166.17059326171875
1 174.98365783691406
2 184.25543212890625
3 185.10504150390625
4 185.88294982910156
5 185.94322204589844
6 189.14630126953125
7 189.307373046875
8 189.59951782226562
9 190.6041717529297
10 191.29165649414062
11 191.51531982421875
12 192.7561798095703
13 194.77407836914062
14 195.77171325683594
15 196.3802947998047
16 196.61062622070312
17 196.75857543945312
18 197.08340454101562
19 197.25372314453125
20 197.4696044921875
21 197.5948944091797
22 197.916259765625
23 198.0057373046875
24 198.0150604248047
25 198.37966918945312
26 198.60708618164062
27 200.321533203125
28 200.85299682617188
29 201.0670623779297
