0 202.78700256347656
1 203.7103729248047
2 210.3018341064453
3 215.38653564453125
4 216.12869262695312
5 216.95472717285156
6 217.52838134765625
7 220.303466796875
8 220.439208984375
9 220.86927795410156
10 221.0657196044922
11 223.8218536376953
12 224.43017578125
13 225.01841735839844
14 225.33984375
15 225.85850524902344
16 226.11239624023438
17 226.25607299804688
18 226.42462158203125
19 226.63259887695312
20 227.3253173828125
21 227.55319213867188
22 227.95143127441406
23 228.4849090576172
24 228.76193237304688
25 228.76348876953125
26 229.32565307617188
27 229.53530883789062
28 229.6564178466797
29 229.6873779296875
