0 198.9071044921875
1 199.343017578125
2 204.794189453125
3 205.46743774414062
4 213.19317626953125
5 214.94989013671875
6 215.99258422851562
7 216.7412567138672
8 216.96902465820312
9 217.1387939453125
10 217.61134338378906
11 221.21522521972656
12 222.12498474121094
13 222.9766387939453
14 223.11807250976562
15 223.2921142578125
16 223.49478149414062
17 224.482177734375
18 225.80953979492188
19 226.34169006347656
20 226.45909118652344
21 227.68788146972656
22 227.83743286132812
23 228.2056121826172
24 228.7376708984375
25 228.7975311279297
26 229.75906372070312
27 229.79330444335938
28 229.92489624023438
29 229.92771911621094
