0 183.2584686279297
1 209.37716674804688
2 212.7752685546875
3 213.94903564453125
4 214.22164916992188
5 219.74090576171875
6 219.87611389160156
7 225.75160217285156
8 225.9639129638672
9 228.07521057128906
10 228.5325927734375
11 230.87008666992188
12 234.37452697753906
13 237.09182739257812
14 241.45516967773438
15 242.716552734375
16 242.88186645507812
17 246.15280151367188
18 247.36880493164062
19 248.23463439941406
20 248.64312744140625
21 250.045166015625
22 251.49880981445312
23 251.5055389404297
24 251.58383497315188
25 251.81370544433594
26 252.22000122070312
27 253.7374725341797
28 254.85220336914062
29 254.85293579101562
