0 200.66827392578125
1 212.63682556152344
2 220.0677490234375
3 222.98483276367188
4 228.04815673828125
5 228.2503662109375
6 228.30799865722656
7 229.28102111816406
8 230.9803466796875
9 231.90582275390625
10 232.6846466064453
11 232.78427124023438
12 233.13565063476562
13 233.9109649658203
14 233.91336059570312
15 235.93746948242188
16 236.40805053710938
17 236.8538818359375
18 237.00418090820312
19 237.3305206298828
20 237.40945434570312
21 238.2408905029297
22 238.97264099121094
23 239.34483337402344
24 240.2750244140625
25 240.33676147460938
26 240.49786376953125
27 240.81158447265625
28 240.867431640625
29 241.21627807617188
