0 237.41851806640625
1 240.99472045898438
2 247.34776306152344
3 249.5452880859375
4 250.2577362060547
5 250.31268310546875
6 250.87503051757812
7 251.58544921875
8 251.91458129882812
9 252.0598907470703
10 253.40213012695312
11 253.590576171875
12 254.31707763671875
13 254.416748046875
14 254.81936645507812
15 255.525390625
16 255.74652099609375
17 256.3030090332031
18 256.88140869140625
19 257.24249267578125
20 258.0431823730469
21 259.31793212890625
22 261.69720458984375
23 262.33551025390625
24 263.2850341796875
25 263.3277587890625
26 263.42315673828125
27 263.4388122558594
28 263.4443054199219
29 263.6300964355469
