0 224.25225830078125
1 224.41629028320312
2 224.98313903808594
3 229.42196655273438
4 232.520751953125
5 235.57992553710938
6 236.34376525878906
7 239.17031860351562
8 239.7015838623047
9 240.3494873046875
10 240.35797119140625
11 240.58096313476562
12 241.49551391601562
13 241.87509155273438
14 242.53952026367188
15 242.88275146484375
16 243.48023986816406
17 243.74508666992188
18 244.2003173828125
19 245.0988006591797
20 245.4805450439453
21 245.88438415527344
22 246.18429565429688
23 246.32127380371094
24 246.3623046875
25 246.91934204101562
26 248.4799346923828
27 248.77369689941406
28 249.09786987304688
29 249.94554138183594
