0 234.41531372070312
1 235.30953979492188
2 240.89195251464844
3 241.0174102783203
4 241.58609008789062
5 242.33041381835938
6 244.60061645507812
7 247.39305114746094
8 247.4318226401385
9 248.42828369140625
10 248.72618103027344
11 249.00482177734375
12 249.18359375
13 249.96835327148438
14 249.99810791015625
15 250.30865478515625
16 250.43423461914062
17 250.64517211914062
18 251.6400909423828
19 251.69540405273438
20 252.3431396484375
21 252.42405700683594
22 252.54348754882812
23 252.75083923339844
24 253.26251220703125
25 253.2840118408203
26 253.33717346191406
27 253.7257080078125
28 253.95303344726562
29 254.5928955078125
