0 212.14593505859375
1 212.14593505859375
2 214.5206298828125
3 221.39683532714844
4 222.99867248535156
5 224.7696533203125
6 225.24258422851562
7 226.30491638183594
8 227.4584503173828
9 227.93014526367188
10 228.00299072265625
11 228.56607055664062
12 228.9052734375
13 230.2176971435547
14 230.35708618164062
15 230.38293920577115
16 230.60189819335938
17 230.9844970703125
18 231.06358337402344
19 231.80999755859375
20 232.0186767578125
21 232.1663818359375
22 232.19570922851562
23 233.93702697753906
24 234.46786499023438
25 234.886474609375
26 236.25518798828125
27 236.95816040039062
28 237.28036499023438
29 237.66665649414062
