0 209.99461364746094
1 222.00555419921875
2 223.64889526367188
3 228.55581665039062
4 230.88662719726562
5 231.84722900390625
6 239.03367614746094
7 244.75990295410156
8 245.45248249137836
9 248.75244140625
10 248.83990478515625
11 249.1295623779297
12 249.53448486328125
13 249.56436157226562
14 250.35708618164062
15 250.57684326171875
16 251.05996704101562
17 251.42994689941406
18 251.63499450683594
19 252.02621459960938
20 253.49986267089844
21 253.69271850585938
22 254.32960510253906
23 254.85838317871094
24 254.98397827148438
25 255.0306396484375
26 255.173095703125
27 255.31365966796875
28 255.47039794921875
29 255.57919311523438
