0 226.73751831054688
1 231.36866760253906
2 232.32754516601562
3 233.82310485839844
4 235.30075073242188
5 235.3032684326172
6 235.35052490234375
7 237.4804229736328
8 238.01361083984375
9 238.88160705566406
10 238.9769744873047
11 239.21920776367188
12 240.85067749023438
13 244.2410125732422
14 244.74008178710938
15 244.8489532470703
16 245.09982299804688
17 246.59454345703125
18 246.83840942382812
19 247.16160583496094
20 247.18663024902344
21 247.3835906982422
22 248.9712371826172
23 249.3320770263672
24 249.56362915039062
25 249.57815551757812
26 249.68519592285156
27 249.68865966796875
28 250.18408203125
29 250.52334594726562
