0 232.36709594726562
1 234.52005004882812
2 235.67144775390625
3 237.77700805664062
4 237.93331909179688
5 240.394287109375
6 241.9687042236328
7 243.12342834472656
8 244.46910095214844
9 244.7979278564453
10 244.88992309570312
11 245.40428161621094
12 245.87173461914062
13 246.43211364746094
14 246.4935760498047
15 246.955078125
16 248.05284118652344
17 248.4677734375
18 249.76699829101562
19 250.1756134033203
20 250.2853546142578
21 250.42251586914062
22 250.61964416503906
23 251.13241577148438
24 251.20074462890625
25 251.50320434570312
26 251.7667236328125
27 252.02362060546875
28 252.31878662109375
29 252.38148498535156
