0 185.518798828125
1 186.31785583496094
2 188.579833984375
3 190.15631410696622
4 194.13771057128906
5 195.0782470703125
6 195.72817993164062
7 196.74569702148438
8 200.3917999267578
9 201.0947265625
10 201.2119598388672
11 201.80429077148438
12 203.48666381835938
13 203.90773010253906
14 204.20550537109375
15 204.21006774902344
16 204.74671936035156
17 205.4901123046875
18 205.57965087890625
19 206.6122283935547
20 206.77223205566406
21 207.16943359375
22 207.48001098632812
23 207.9512939453125
24 208.35049438476562
25 208.481201171875
26 209.609130859375
27 209.627197265625
28 210.06439208984375
29 210.12103271484375
