0 160.33912658691406
1 162.28839111328125
2 166.03659057617188
3 166.39337158203125
4 166.9112548828125
5 167.3588409423828
6 167.7598876953125
7 168.29086303710938
8 169.68283081054688
9 170.32763671875
10 170.93435668945312
11 170.9468994140625
12 171.46075439453125
13 171.7882080078125
14 172.0045166015625
15 173.3995819091797
16 173.58981323242188
17 173.96649169921875
18 174.08934020996094
19 174.63345336914062
20 175.330810546875
21 175.85096740722656
22 175.93109130859375
23 176.454345703125
24 176.5296173095703
25 176.6329345703125
26 176.68775939941406
27 177.11019897460938
28 177.4407501220703
29 177.46678161621094
