0 192.99461364746094
1 200.54327392578125
2 202.06121826171875
3 204.40599060058594
4 205.28921508789062
5 205.3360137939453
6 206.20736694335938
7 206.93389892578125
8 207.31967163085938
9 208.2882843017578
10 208.97979736328125
11 209.40525817871094
12 209.7049102783203
13 209.8061981201172
14 210.66470336914062
15 210.90985107421875
16 211.29537963867188
17 211.48097229003906
18 212.33505249023438
19 212.43702697753906
20 212.5492401123047
21 213.24685668945312
22 213.2710723876953
23 213.36839294433594
24 213.55569458007812
25 214.31414794921875
26 214.36813354492188
27 214.37734985351562
28 214.9952392578125
29 216.32736206054688
