0 230.6634458227283
1 232.49688720703125
2 232.6749725341797
3 232.99124145507812
4 233.4231414794922
5 234.07742309570312
6 234.15560913085938
7 234.39013122633614
8 234.3933868408203
9 236.40957641601562
10 236.53555297851562
11 236.93136596679688
12 238.75450134277344
13 239.16693504614577
14 239.53387451171875
15 239.9036865234375
16 240.10476684570312
17 240.53936767578125
18 240.60684204101562
19 242.0691680908203
20 242.08863830566406
21 242.23292541503906
22 242.42674255371094
23 242.9380340576172
24 243.25259399414062
25 243.4564666748047
26 243.5616455078125
27 243.56890869140625
28 244.1007080078125
29 244.2047119140625
