0 239.96646118164062
1 240.08474731445312
2 241.20802307128906
3 241.48062133789062
4 241.56695556640625
5 241.7806396484375
6 241.91876220703125
7 242.9925994873047
8 245.7849578857422
9 247.4168701171875
10 248.65988159179688
11 248.92208862304688
12 249.99053955078125
13 250.93692016601562
14 251.1201629638672
15 252.26629638671875
16 252.6633758544922
17 255.34854125976562
18 255.9315185546875
19 256.5928955078125
20 256.9958190917969
21 257.7139892578125
22 258.0306701660156
23 258.0306701660156
24 258.5063452757108
25 259.29351806640625
26 261.23211669921875
27 262.21435546875
28 262.32666015625
29 263.5537109375
