0 206.30307006835938
1 221.77005004882812
2 223.79335021972656
3 224.5968570839576
4 225.43792724609375
5 226.23721313476562
6 226.7616729736328
7 226.92933654785156
8 227.42105102539062
9 227.8800048828125
10 228.7090301513672
11 228.81109619140625
12 229.12942504882812
13 229.6873016357422
14 230.018310546875
15 230.41934204101562
16 230.6907958984375
17 231.25131225585938
18 231.62933349609375
19 231.82791137695312
20 231.83621215820312
21 232.53099060058594
22 232.53237915039062
23 233.3522433998209
24 233.465576171875
25 233.91627502441406
26 234.04434204101562
27 234.59402465820312
28 234.6155242919922
29 234.88888549804688
