0 205.20413208007812
1 207.53329467773438
2 220.1486380177572
3 220.6193389892578
4 225.863525390625
5 225.88058471679688
6 227.30860900878906
7 228.00027465820312
8 229.3318328857422
9 229.99261474609375
10 230.74314880371094
11 232.04263305664062
12 233.62440490722656
13 233.7068328857422
14 234.68724060058594
15 235.4500274658203
16 236.42013549804688
17 236.5127716064453
18 237.1920623779297
19 237.48635864257812
20 238.65147399902344
21 239.34170532226562
22 240.36813354492188
23 241.52984619140625
24 241.64419555664062
25 241.64915466308594
26 241.8665771484375
27 242.24639892578125
28 242.25880432128906
29 243.07260678700445
