0 202.08885192871094
1 210.20977783203125
2 212.48452758789062
3 214.66061401367188
4 214.91058764226455
5 215.8968048095703
6 217.03382873535156
7 217.14877319335938
8 217.55032348632812
9 218.53125
10 220.3436279296875
11 221.40145874023438
12 221.5098876953125
13 222.26583862304688
14 222.97283935546875
15 223.26596069335938
16 223.8906707763672
17 224.40792846679688
18 224.4734649658203
19 224.66195678710938
20 225.02122497558594
21 225.16171264648438
22 225.28607177734375
23 225.322265625
24 225.5614013671875
25 226.84353637695312
26 226.9669647216797
27 227.20794677734375
28 227.32298278808594
29 227.95726013183594
