0 218.00296020507812
1 221.50582885742188
2 222.06503295898438
3 223.0780487060547
4 228.32357788085938
5 229.39337158203125
6 231.2347412109375
7 231.47230529785156
8 232.37615966796875
9 232.65426635742188
10 233.2208709716797
11 234.063232421875
12 234.41256713867188
13 234.51992797851562
14 234.68792724609375
15 234.78627014160156
16 235.02798461914062
17 235.84300231933594
18 236.27955627441406
19 236.63369750976562
20 236.940185546875
21 237.18341064453125
22 237.29620361328125
23 237.35726928710938
24 237.85470581054688
25 238.2624053955078
26 238.3186798095703
27 238.80133056640625
28 239.98329162597656
29 240.3306427001953
