0 241.94583129882812
1 243.95709228515625
2 254.05999755859375
3 255.1009521484375
4 257.67596435546875
5 258.0736083984375
6 260.298583984375
7 260.9650573730469
8 261.3160400390625
9 261.41778564453125
10 263.3304443359375
11 263.6718444824219
12 263.80047607421875
13 263.9452819824219
14 264.58636474609375
15 264.61358642578125
16 264.7057189941406
17 264.855712890625
18 264.93878173828125
19 265.9255065917969
20 267.55218505859375
21 268.0727233886719
22 269.32379150390625
23 269.64056396484375
24 269.80511474609375
25 269.8221740722656
26 270.01300048828125
27 270.4010009765625
28 271.3349609375
29 271.3446044921875
