0 205.89642333984375
1 212.4752197265625
2 213.59396362304688
3 214.77005004882812
4 215.43124389648438
5 231.42971801757812
6 236.8603973388672
7 237.37069702148438
8 239.84124755859375
9 240.22682189941406
10 240.49671936035156
11 240.630859375
12 242.0331573486328
13 242.23861694335938
14 243.32052612304688
15 245.97645568847656
16 248.8497314453125
17 248.8974609375
18 249.0948944091797
19 249.33969116210938
20 249.56183365017444
21 249.62835693359375
22 250.70172119140625
23 251.64779663085938
24 253.40670776367188
25 254.35586547851562
26 255.0941162109375
27 255.7279052734375
28 255.90682983398438
29 256.380126953125
