0 212.5801544189453
1 216.480712890625
2 218.08999633789062
3 218.81065368652344
4 228.30728149414062
5 232.19125366210938
6 232.21060180664062
7 232.67320251464844
8 232.99923706054688
9 234.18524169921875
10 235.42047119140625
11 236.56695556640625
12 236.61428833007812
13 237.4820098876953
14 238.0946502685547
15 238.1868438720703
16 238.29046630859375
17 238.86492919921875
18 239.55819702148438
19 240.22998046875
20 241.95144653320312
21 242.37615966796875
22 243.812255859375
23 243.89232789934954
24 243.994873046875
25 245.8850555419922
26 246.08795166015625
27 246.4326171875
28 246.6607666015625
29 247.1929931640625
