0 194.97537231445312
1 204.88404846191406
2 205.8153839111328
3 223.26055908203125
4 227.36544799804688
5 227.53640747070312
6 229.20620727539062
7 237.84835815429688
8 241.09866333007812
9 242.14068603515625
10 244.4447021484375
11 246.03199768066406
12 246.44070434570312
13 248.4488525390625
14 250.25802612304688
15 250.5789337158203
16 250.7842559814453
17 251.83815002441406
18 252.37942504882812
19 254.86607360839844
20 255.0756072998047
21 256.814208984375
22 257.27252197265625
23 258.1109619140625
24 258.1365966796875
25 258.2578430175781
26 258.5904846191406
27 258.708984375
28 259.07470703125
29 259.5494079589844
