0 230.5433349609375
1 236.816162109375
2 239.65467834472656
3 239.8698272705078
4 240.16702270507812
5 240.46649169921875
6 242.33384704589844
7 242.71315002441406
8 242.98590087890625
9 245.45046997070312
10 245.9132843017578
11 245.96670532226562
12 246.23780653736804
13 246.30226135253906
14 246.61569213867188
15 246.6395263671875
16 247.09173583984375
17 247.2310333251953
18 247.964111328125
19 248.05380249023438
20 248.0806884765625
21 248.44444274902344
22 248.80296325683594
23 248.88330078125
24 249.11495971679688
25 249.22422790527344
26 249.5255126953125
27 249.7520294189453
28 249.77297973632812
29 249.9081268310547
