0 202.39871215820312
1 204.36477661132812
2 208.52243041992188
3 209.26467895507812
4 212.49462890625
5 212.9403076171875
6 216.46144104003906
7 216.5453643798828
8 217.6790313720703
9 217.8468475341797
10 218.02099609375
11 218.49232676868897
12 221.7082977294922
13 221.73748779296875
14 222.16531372070312
15 224.0902557373047
16 224.89007568359375
17 225.2625732421875
18 225.392822265625
19 226.3801727294922
20 227.29930114746094
21 227.98721313476562
22 228.15908813476562
23 228.90940856933594
24 230.09437561035156
25 230.32150268554688
26 230.68157958984375
27 231.5816192626953
28 231.86915588378906
29 231.93417358398438
