0 176.23692321777344
1 177.60414123535156
2 178.8491973876953
3 179.33047485351562
4 179.49945068359375
5 180.37918090820312
6 182.50108337402344
7 182.88870239257812
8 183.9950408935547
9 186.10951232910156
10 186.330322265625
11 186.82223510742188
12 187.3738250732422
13 187.89283752441406
14 188.01992797851562
15 188.18153381347656
16 188.62648010253906
17 189.76727294921875
18 189.92799377441406
19 189.95449829101562
20 191.2831268310547
21 191.34161376953125
22 191.53262329101562
23 191.5607147216797
24 191.65744018554688
25 191.72425842285156
26 191.7840576171875
27 192.36907958984375
28 193.08486938476562
29 193.13929748535156
