0 232.2777099609375
1 236.92710876464844
2 238.19049072265625
3 245.22084045410156
4 245.39834594726562
5 246.72520446777344
6 247.13134765625
7 247.2696075439453
8 247.495361328125
9 247.60992431640625
10 248.66549682617188
11 249.55038452148438
12 250.42132568359375
13 251.70281982421875
14 252.75653076171875
15 253.86004638671875
16 253.932373046875
17 254.06570434570312
18 254.2567138671875
19 254.57080078125
20 254.59945678710938
21 255.28009033203125
22 255.3706817626953
23 255.91790771484375
24 256.1881103515625
25 256.77728271484375
26 256.9448547363281
27 257.14593505859375
28 258.5204772949219
29 259.67015170636813
