0 183.7969970703125
1 187.48423767089844
2 199.10098266601562
3 201.01528930664062
4 201.38319396972656
5 204.3647003173828
6 206.00711059570312
7 206.1392059326172
8 206.7633819580078
9 209.47210693359375
10 209.80203247070312
11 210.0543212890625
12 210.2198028564453
13 210.32464599609375
14 211.18824768066406
15 211.87847900390625
16 212.594482421875
17 212.7888946533203
18 212.863037109375
19 213.22274780273438
20 213.92718505859375
21 214.02859497070312
22 214.086181640625
23 214.39608764648438
24 215.2591094970703
25 215.29913330078125
26 215.36196899414062
27 215.99806213378906
28 216.00112915039062
29 216.15524291992188
