0 241.22421264648438
1 252.73776245117188
2 254.837158203125
3 255.46054077148438
4 256.4136047363281
5 256.4164733886719
6 256.56622314453125
7 257.743408203125
8 258.7549133300781
9 259.7818908691406
10 260.3003234863281
11 260.63671875
12 261.66326904296875
13 262.9537658691406
14 263.0279541015625
15 263.98211669921875
16 266.1141662597656
17 266.4781494140625
18 266.76837158203125
19 266.99859619140625
20 267.1376953125
21 267.46490478515625
22 267.47900390625
23 267.8993225097656
24 268.7209777832031
25 269.156982421875
26 270.08740234375
27 270.9037170410156
28 271.77960205078125
29 271.91448974609375
