0 147.68612670898438
1 177.6768798828125
2 183.684814453125
3 187.84490966796875
4 191.79737854003906
5 192.9073028564453
6 194.3999481201172
7 194.49807739257812
8 197.20359802246094
9 199.22067260742188
10 200.003662109375
11 200.72605895996094
12 201.12545776367188
13 201.28997802734375
14 201.4014129638672
15 201.60952758789062
16 202.2331085205078
17 202.38580322265625
18 202.5948028564453
19 203.15420532226562
20 203.50643920898438
21 204.35159301757812
22 204.3934326171875
23 204.59202575683594
24 204.59239196777344
25 207.51864624023438
26 207.97122192382812
27 208.03985595703125
28 208.1417694091797
29 209.00848388671875
