0 220.02728271484375
1 221.46694946289062
2 232.3514404296875
3 241.8670196533203
4 242.66839599609375
5 243.54324340820312
6 243.61526489257812
7 244.00473022460938
8 244.71658325195312
9 247.10325622558594
10 247.94544982910156
11 248.0463409423828
12 249.8397216796875
13 249.93161010742188
14 250.29769897460938
15 251.49835205078125
16 251.55775451660156
17 251.7239227294922
18 252.57415771484375
19 252.8924560546875
20 253.27886962890625
21 255.1636962890625
22 256.10369873046875
23 256.23590087890625
24 257.19940185546875
25 257.8251953125
26 258.1538391113281
27 258.2404479980469
28 259.3731994628906
29 260.032470703125
