0 194.49652099609375
1 200.52859497070312
2 205.6436004638672
3 208.4222869873047
4 211.68267822265625
5 212.34588623046875
6 214.35684204101562
7 214.92877197265625
8 216.2078094482422
9 216.66134643554688
10 217.23049926757812
11 217.23049926757812
12 217.7412109375
13 218.25314331054688
14 218.65701293945312
15 219.7200164794922
16 219.78492736816406
17 220.2552032470703
18 220.29843139648438
19 220.9911651611328
20 221.24093627929688
21 222.17823791503906
22 222.41380310058594
23 223.06005859375
24 223.08203125
25 223.08294677734375
26 223.5167236328125
27 223.99911499023438
28 224.32598876953125
29 224.90869140625
