0 202.0286102294922
1 209.3518829345703
2 211.57803344726562
3 212.69593811035156
4 215.8365478515625
5 217.72755432128906
6 218.66331481933594
7 219.17715454101562
8 220.7823028564453
9 222.58212280273438
10 223.30575586509096
11 223.36636352539062
12 223.6127166748047
13 223.70468139648438
14 223.71377563476562
15 223.85580444335938
16 224.90049743652344
17 226.064697265625
18 226.1126251220703
19 226.3279571533203
20 227.27896118164062
21 227.4266815185547
22 227.46249389648438
23 227.7018585205078
24 227.9605712890625
25 228.15069580078125
26 228.239501953125
27 228.3975830078125
28 228.49005126953125
29 228.70745849609375
