0 181.89825439453125
1 188.78660583496094
2 201.4516143798828
3 210.22421264648438
4 212.05320739746094
5 223.7309350129515
6 224.37225341796875
7 224.44918823242188
8 224.5812225341797
9 224.80010986328125
10 225.63958740234375
11 225.95806884765625
12 226.25364685058594
13 226.8381805419922
14 227.4645538330078
15 228.01231384277344
16 228.09146118164062
17 228.39700317382812
18 228.5155029296875
19 228.869140625
20 229.34408569335938
21 229.68218994140625
22 229.93917846679688
23 229.95028686523438
24 230.05332946777344
25 230.7233123779297
26 230.8682098388672
27 230.97219848632812
28 231.2847137451172
29 231.30654907226562
