0 227.4759063720703
1 233.27560424804688
2 235.29962158203125
3 241.4484405517578
4 245.03160095214844
5 245.1029052734375
6 246.75955200195312
7 249.45379638671875
8 249.5196533203125
9 249.73663330078125
10 251.32937622070312
11 252.19708251953125
12 252.94248962402344
13 254.69818115234375
14 255.66635131835938
15 256.1181640625
16 256.69635009765625
17 256.7366943359375
18 257.3068542480469
19 257.4427795410156
20 257.7721252441406
21 257.9442443847656
22 258.2566833496094
23 258.3779602050781
24 258.3929748535156
25 259.1085205078125
26 259.30419921875
27 259.30419921875
28 259.5892333984375
29 259.79461669921875
