0 170.8308563232422
1 190.75950622558594
2 207.01400756835938
3 207.45030212402344
4 212.14950561523438
5 213.55714416503906
6 214.10020446777344
7 218.42645263671875
8 219.39837646484375
9 221.9822540283203
10 223.0386199951172
11 224.16075134277344
12 226.5067901611328
13 226.99649047851562
14 227.3372039794922
15 227.61700439453125
16 229.15853881835938
17 229.62200927734375
18 229.9512481689453
19 230.72955322265625
20 232.09323120117188
21 232.50827026367188
22 232.53350830078125
23 232.7537841796875
24 233.05023193359375
25 233.4519500732422
26 233.58413696289062
27 233.9879150390625
28 234.0711669921875
29 234.7606658935547
