0 180.4630584716797
1 185.53607177734375
2 191.96160888671875
3 195.05197143554688
4 195.41537475585938
5 197.73597717285156
6 198.68804931640625
7 201.40467834472656
8 202.38809204101562
9 202.45013427734375
10 204.35537719726562
11 204.65078735351562
12 205.61538696289062
13 205.74618530273438
14 206.2509307861328
15 206.25393676757812
16 207.39556884765625
17 207.48477172851562
18 207.89317321777344
19 208.14285278320312
20 208.15185546875
21 208.39537048339844
22 208.46002197265625
23 208.60093688964844
24 209.44456827226443
25 209.79742431640625
26 210.07666015625
27 210.4421844482422
28 210.6676788330078
29 211.02574157714844
