0 216.38711547851562
1 222.00582885742188
2 223.3111572265625
3 225.80047607421875
4 225.99810791015625
5 226.7234344482422
6 228.2483673095703
7 229.3667755126953
8 229.73300170898438
9 229.73374938964844
10 232.15492248535156
11 233.4120635986328
12 233.4505157470703
13 233.9171905517578
14 233.96978759765625
15 234.56103515625
16 235.02560424804688
17 235.19921875
18 235.22439575195312
19 235.6414794921875
20 235.82716369628906
21 236.56512451171875
22 237.17514038085938
23 237.2530517578125
24 237.82632446289062
25 238.2462615966797
26 238.9892578125
27 239.0330684388695
28 239.07150268554688
29 239.24545288085938
