0 227.20364379882812
1 238.16368103027344
2 255.6212921142578
3 256.46612548828125
4 257.1019287109375
5 257.5726318359375
6 262.25628662109375
7 263.64007568359375
8 267.76324462890625
9 267.7951965332031
10 267.9184875488281
11 268.1980895996094
12 269.37249755859375
13 273.3158264160156
14 274.89300537109375
15 277.250732421875
16 277.3419189453125
17 277.89593505859375
18 278.61651611328125
19 278.6485290527344
20 279.1129455566406
21 280.0055236816406
22 280.5122985839844
23 282.6876220703125
24 283.41656494140625
25 285.4234619140625
26 285.4842224121094
27 285.66595458984375
28 287.16229248046875
29 287.74017333984375
