0 221.41571044921875
1 225.3674774169922
2 225.4614715576172
3 228.81463623046875
4 230.7323455810547
5 231.6102294921875
6 231.85626220703125
7 232.42002868652344
8 232.88722229003906
9 233.95382690429688
10 236.23287963867188
11 237.67807006835938
12 237.9510040283203
13 238.46449279785156
14 238.5802001953125
15 238.8267822265625
16 239.19204711914062
17 239.76986694335938
18 239.8840789794922
19 240.8670654296875
20 241.36715698242188
21 241.59449768066406
22 241.66477966308594
23 241.70062255859375
24 241.8965606689453
25 242.26258850097656
26 242.42111206054688
27 242.51446533203125
28 242.67718505859375
29 242.85107421875
