0 180.8689727783203
1 189.53823852539062
2 192.09254455566406
3 198.11996459960938
4 198.76364135742188
5 201.69094848632812
6 202.38644409179688
7 202.9213409423828
8 206.05142211914062
9 206.21490478515625
10 206.81710815429688
11 208.64529418945312
12 210.18373107910156
13 210.57814025878906
14 211.8843994140625
15 213.71812438964844
16 214.0345001220703
17 214.9564971923828
18 216.3806915283203
19 216.6874237060547
20 216.96072387695312
21 217.15158081054688
22 217.58189392089844
23 217.91696166992188
24 218.16360473632812
25 218.2125244140625
26 219.1784210205078
27 219.2790069580078
28 219.4415740966797
29 220.2036895751953
