0 169.71371459960938
1 208.3848114013672
2 208.3848114013672
3 215.93896484375
4 217.806640625
5 220.04600524902344
6 220.55238342285156
7 221.96810913085938
8 222.96075439453125
9 225.69168090820312
10 226.15380859375
11 230.63804626464844
12 230.703125
13 230.90872192382812
14 231.30821228027344
15 231.98345947265625
16 232.93069458007812
17 233.40106201171875
18 234.23489379882812
19 234.77098083496094
20 234.99984741210938
21 235.02906799316406
22 235.5983123779297
23 235.65707397460938
24 235.7688751220703
25 236.6664276123047
26 237.07293701171875
27 237.27581787109375
28 237.30636596679688
29 237.3802032470703
