0 197.37010192871094
1 200.81982421875
2 203.48538208007812
3 206.57350158691406
4 207.57830810546875
5 210.85708618164062
6 210.93995666503906
7 211.0066680908203
8 211.83680725097656
9 212.79238891601562
10 213.02699279785156
11 214.34141540527344
12 214.6641845703125
13 214.7280718313575
14 215.16380310058594
15 216.10047912597656
16 216.81817626953125
17 217.25927734375
18 217.97169494628906
19 218.26243591308594
20 218.53634643554688
21 218.64804077148438
22 218.9390411376953
23 219.54513549804688
24 220.04168701171875
25 220.08843994140625
26 220.72827144168187
27 221.4138641357422
28 221.45269775390625
29 222.28758239746094
