0 217.975341796875
1 219.20240783691406
2 223.07421875
3 225.7030029296875
4 226.50088500976562
5 227.05821228027344
6 228.93687438964844
7 231.48934936523438
8 232.4182992210663
9 232.71388244628906
10 234.15042114257812
11 234.37872314453125
12 234.48529052734375
13 235.12222290039062
14 235.54498291015625
15 235.78683471679688
16 236.1881103515625
17 236.37966918945312
18 236.83511352539062
19 236.94607543945312
20 237.08445739746094
21 237.2118682861328
22 237.828369140625
23 237.92893981933594
24 238.10704040527344
25 238.212890625
26 238.3651123046875
27 238.75465393066406
28 239.0003662109375
29 239.2659912109375
