0 222.4402313232422
1 232.7813262939453
2 240.30653381347656
3 243.21328735351562
4 243.28707885742188
5 243.86578369140625
6 247.5775146484375
7 248.23074340820312
8 248.90206909179688
9 248.92092895507812
10 249.54486083984375
11 250.14773559570312
12 250.16714477539062
13 250.4743194580078
14 251.624755859375
15 251.8134002685547
16 252.25729370117188
17 252.56056213378906
18 253.0867156982422
19 253.80551147460938
20 254.042724609375
21 254.2723388671875
22 254.49880981445312
23 254.75668334960938
24 255.30972290039062
25 255.44955444335938
26 255.8175048828125
27 255.9390869140625
28 256.134521484375
29 256.6497497558594
