0 211.8506317138672
1 214.55299377441406
2 214.69146728515625
3 220.0576171875
4 221.57015991210938
5 221.73934936523438
6 222.16319274902344
7 223.74737548828125
8 223.84706115722656
9 224.87625122070312
10 225.42984008789062
11 226.4456787109375
12 227.41055297851562
13 227.6502227783203
14 228.12118530273438
15 229.8140106201172
16 230.51121520996094
17 230.8214874267578
18 230.87066650390625
19 232.80908203125
20 232.8743438720703
21 233.4345703125
22 233.537109375
23 233.6403045654297
24 233.93370056152344
25 234.40501403808594
26 234.602294921875
27 235.3317413330078
28 235.43955993652344
29 235.6620330810547
