0 236.0056610107422
1 239.70486450195312
2 239.8970184326172
3 240.77032470703125
4 241.04296875
5 243.1759796142578
6 243.96939086914062
7 245.01153564453125
8 245.16094970703125
9 246.38609313964844
10 247.07589721679688
11 247.17323303222656
12 247.82505798339844
13 248.0643310546875
14 248.416748046875
15 248.9685821533203
16 249.71949768066406
17 250.06640625
18 250.68527221679688
19 250.89065551757812
20 250.9673614501953
21 251.24038696289062
22 251.66455078125
23 251.7703094482422
24 251.81947326660156
25 251.83067321777344
26 251.87826538085938
27 252.61224365234375
28 252.89041137695312
29 253.25404473908205
