0 184.68392944335938
1 189.464599609375
2 193.2827606201172
3 194.0318145751953
4 197.16232299804688
5 197.39727783203125
6 198.49188232421875
7 198.63128662109375
8 199.13412475585938
9 200.78009033203125
10 200.80685424804688
11 201.00743103027344
12 201.57772827148438
13 201.62710571289062
14 202.286865234375
15 202.51585388183594
16 203.1570281982422
17 203.5039825439453
18 204.74154663085938
19 205.15249633789062
20 205.34228515625
21 205.34896850585938
22 205.4026336669922
23 205.57955932617188
24 206.0804901123047
25 206.10305786132812
26 206.23422241210938
27 206.30145263671875
28 206.8283233642578
29 206.8856201171875
