0 201.01223754882812
1 207.7432253952412
2 219.2344970703125
3 219.7818653385969
4 220.73739624023438
5 221.74716186523438
6 222.69284057617188
7 222.73971557617188
8 223.2957000732422
9 223.77987670898438
10 224.43800354003906
11 224.6318817138672
12 225.5659637451172
13 228.727294921875
14 230.40550231933594
15 232.49325561523438
16 233.46847534179688
17 233.50201416015625
18 233.88739013671875
19 234.31744384765625
20 234.42196655273438
21 234.62998962402344
22 234.7431640625
23 234.8150634765625
24 235.81365966796875
25 236.37147521972656
26 236.51702880859375
27 237.0164794921875
28 237.59506225585938
29 237.62127685546875
