0 178.91119384765625
1 183.3026123046875
2 183.82899475097656
3 185.9612274169922
4 187.45452880859375
5 187.6256103515625
6 188.04376220703125
7 189.29588317871094
8 190.0023193359375
9 190.6363983154297
10 190.69509887695312
11 190.9014434814453
12 190.90521240234375
13 191.0941162109375
14 191.2053680419922
15 192.039306640625
16 192.10769653320312
17 192.124267578125
18 192.73573303222656
19 192.73983764648438
20 192.97952270507812
21 193.460205078125
22 193.5857696533203
23 194.23422241210938
24 194.2949981689453
25 194.30215454101562
26 194.7506103515625
27 194.8876190185547
28 195.2574005126953
29 195.62716674804688
