0 202.2677459716797
1 208.3380889892578
2 210.98194885253906
3 215.84759521484375
4 221.1516876220703
5 222.68031311035156
6 222.97933959960938
7 224.5774688720703
8 229.82284545898438
9 231.130126953125
10 233.17623901367188
11 233.3626708984375
12 234.482177734375
13 236.06137084960938
14 236.32687377929688
15 236.9911346435547
16 237.25857543945312
17 237.58729553222656
18 237.76611328125
19 237.86912536621094
20 238.34881591796875
21 240.55734252929688
22 240.57937622070312
23 240.74716186523438
24 241.21060180664062
25 241.661376953125
26 242.19122314453125
27 242.58770751953125
28 243.04541015625
29 243.41635131835938
