0 228.22122192382812
1 231.1951904296875
2 231.606201171875
3 234.50794982910156
4 235.0972900390625
5 235.95266723632812
6 237.908447265625
7 242.39620971679688
8 244.3449249267578
9 244.46365356445312
10 247.0471649169922
11 247.31700134277344
12 248.6949920654297
13 250.02151489257812
14 250.39418029785156
15 250.70236206054688
16 251.92037963867188
17 251.94664001464844
18 253.61358642578125
19 254.8509086749631
20 257.1066589355469
21 257.40411376953125
22 258.7923278808594
23 258.81097412109375
24 259.19366455078125
25 259.3775329589844
26 259.9913330078125
27 260.66668701171875
28 260.67803955078125
29 261.55181884765625
