0 168.36346435546875
1 174.195068359375
2 176.6938018798828
3 176.9743194580078
4 178.46975708007812
5 180.2668914794922
6 180.33460998535156
7 180.82171630859375
8 181.2049102783203
9 181.36822509765625
10 181.51144409179688
11 181.7024688720703
12 181.71401977539062
13 181.76995849609375
14 182.576904296875
15 182.58309936523438
16 183.3367156982422
17 183.34783935546875
18 183.48077392578125
19 183.63424682617188
20 183.71875
21 183.85723876953125
22 183.89163208007812
23 184.20455932617188
24 184.34754943847656
25 184.55470275878906
26 185.1220703125
27 185.16668701171875
28 185.25128173828125
29 185.5308380126953
