0 171.5234375
1 200.55056762695312
2 231.86074829101562
3 233.64785766601562
4 235.72793579101562
5 243.43215942382812
6 243.6298828125
7 245.97633361816406
8 247.35183715820312
9 250.05975341796875
10 254.59608459472656
11 254.69827270507812
12 255.28611755371094
13 255.95245361328125
14 256.1345520019531
15 257.2598587924464
16 257.5545349121094
17 257.6100158691406
18 258.55328369140625
19 260.43243408203125
20 261.065673828125
21 261.0792236328125
22 261.6108630858005
23 261.84149169921875
24 262.1425476074219
25 262.1986083984375
26 262.9378967285156
27 263.1302490234375
28 264.0755615234375
29 264.2798156738281
