0 219.0087432861328
1 225.50314331054688
2 236.51019287109375
3 236.9031982421875
4 240.67649841308594
5 243.00401306152344
6 243.47784423828125
7 243.6213836669922
8 243.9225311279297
9 244.15171813964844
10 244.86891174316406
11 247.21432495117188
12 248.6157684326172
13 249.34390258789062
14 250.02328491210938
15 250.07882690429688
16 250.53814697265625
17 251.0030975341797
18 251.9008026123047
19 252.74664306640625
20 252.845703125
21 253.0831298828125
22 253.87664794921875
23 254.21002197265625
24 254.24853515625
25 254.41983032226562
26 254.82833862304688
27 255.27688598632812
28 255.5538330078125
29 255.7286376953125
