0 244.40289306640625
1 261.6111755371094
2 264.82733154296875
3 270.06787109375
4 274.0302429199219
5 274.14068603515625
6 275.8956298828125
7 280.5589294433594
8 282.1262512207031
9 284.1862487792969
10 284.7556457519531
11 284.96875
12 285.2896728515625
13 287.3603210449219
14 287.81829833984375
15 290.1445617675781
16 291.22979736328125
17 291.603271484375
18 291.93951416015625
19 293.2147521972656
20 293.9228515625
21 294.0166931152344
22 294.20172119140625
23 294.2403564453125
24 294.96734619140625
25 296.1219482421875
26 296.3583068847656
27 296.52691650390625
28 296.57000732421875
29 296.59248850941594
