0 233.3694610595703
1 236.5109405517578
2 244.9048614501953
3 251.66786193847656
4 256.1203918457031
5 257.1312255859375
6 257.6474304199219
7 258.2158508300781
8 258.2998046875
9 259.27117919921875
10 260.09674072265625
11 260.787109375
12 260.9603271484375
13 261.08056640625
14 261.42181396484375
15 263.84674072265625
16 264.44488525390625
17 264.5567932128906
18 265.1000061035156
19 265.2119140625
20 266.2041320800781
21 266.2729187011719
22 267.3644714355469
23 267.55127394238116
24 267.6270446777344
25 267.7076721191406
26 267.81378173828125
27 268.1427307128906
28 268.1590576171875
29 268.1842956542969
