0 248.87303161621094
1 249.19747924804688
2 252.3109130859375
3 252.6408233642578
4 257.61956787109375
5 260.076171875
6 260.3310241699219
7 260.5592041015625
8 262.1417541503906
9 262.2243957519531
10 263.91204833984375
11 263.99261474609375
12 264.0296936035156
13 264.09466552734375
14 264.813720703125
15 265.41949462890625
16 265.5061950683594
17 266.3620910644531
18 266.91339111328125
19 268.4135437011719
20 268.4419860839844
21 268.6077575683594
22 268.6759033203125
23 269.01361083984375
24 269.5907897949219
25 269.6904602050781
26 269.8653564453125
27 269.93218994140625
28 270.13006591796875
29 270.29718017578125
