0 196.70852661132812
1 201.19256591796875
2 203.78790283203125
3 208.66529846191406
4 209.044189453125
5 210.205810546875
6 210.3675079345703
7 210.9278564453125
8 211.86766052246094
9 211.91998291015625
10 211.94403076171875
11 212.07843017578125
12 212.2342071533203
13 212.4507293701172
14 213.04258728027344
15 213.13665771484375
16 215.54161071777344
17 215.8897705078125
18 215.9637451171875
19 216.04176330566406
20 216.05856323242188
21 216.74981689453125
22 218.0462833883066
23 218.2400360107422
24 218.36061096191406
25 218.74920654296875
26 219.4475555419922
27 219.5177001953125
28 219.56379431594226
29 219.95701599121094
