0 201.84762573242188
1 205.93734741210938
2 208.99794006347656
3 211.17764282226562
4 216.3096923828125
5 218.01632690429688
6 218.22483825683594
7 220.0605010986328
8 226.75164794921875
9 227.53985595703125
10 227.8235321044922
11 228.47821044921875
12 229.00599670410156
13 229.96861267089844
14 230.41964721679688
15 231.6815948486328
16 231.86009216308594
17 232.97776794433594
18 233.14871215820312
19 233.9522247314453
20 235.33848571777344
21 235.8805694580078
22 235.9676971435547
23 238.1256103515625
24 239.24273681640625
25 240.86309814453125
26 241.05972290039062
27 242.69979858398438
28 243.04721069335938
29 243.13575744628906
