0 180.1674346923828
1 180.76962280273438
2 185.21449279785156
3 187.7357177734375
4 188.83163452148438
5 189.86109924316406
6 192.13027954101562
7 192.49755859375
8 194.4149169921875
9 197.38487243652344
10 197.60910034179688
11 198.84124755859375
12 199.63401794433594
13 201.2709197998047
14 202.6864013671875
15 202.85433959960938
16 203.41580200195312
17 204.87930297851562
18 205.26246643066406
19 206.31381225585938
20 206.3629608154297
21 206.70001220703125
22 207.5469207763672
23 207.7409210205078
24 207.7409210205078
25 208.38087463378906
26 208.46578979492188
27 209.0262908935547
28 209.08287048339844
29 210.02484130859375
