0 239.1844940185547
1 243.44131469726562
2 247.0382080078125
3 248.5669708251953
4 249.82228088378906
5 250.74781799316406
6 251.0203094482422
7 251.50970458984375
8 251.90028381347656
9 253.31631469726562
10 253.69873046875
11 254.480712890625
12 255.11026000976562
13 255.17581176757812
14 255.67294311523438
15 255.94578552246094
16 256.393798828125
17 257.20428466796875
18 257.2839660644531
19 257.3800048828125
20 257.78692626953125
21 257.9974670410156
22 258.1496887207031
23 258.42889404296875
24 258.49017333984375
25 259.0857238769531
26 259.120849609375
27 259.42181396484375
28 260.0003662109375
29 260.20867919921875
