0 214.95706176757812
1 214.99000549316406
2 217.2672119140625
3 223.9857940673828
4 227.22987365722656
5 230.91445922851562
6 232.4225616455078
7 233.85333251953125
8 238.1948699951172
9 238.63101196289062
10 239.56944274902344
11 241.02413940429688
12 242.29563903808594
13 242.38880920410156
14 242.509033203125
15 242.509033203125
16 242.84738159179688
17 243.19676208496094
18 243.39422607421875
19 243.79173278808594
20 243.898681640625
21 244.27752685546875
22 244.3321075439453
23 244.44898986816406
24 244.5264129638672
25 244.72122192382812
26 244.85757446289062
27 244.85919189453125
28 245.37796020507812
29 245.43783569335938
