0 175.97238159179688
1 185.97019958496094
2 187.05532836914062
3 188.64671325683594
4 192.5032501220703
5 192.57339477539062
6 192.8843994140625
7 194.2369842529297
8 194.50491333007812
9 197.2254180908203
10 197.75474548339844
11 198.407470703125
12 198.63864135742188
13 199.82586669921875
14 199.86241149902344
15 200.3565673828125
16 200.61595153808594
17 201.64227294921875
18 204.31292724609375
19 204.8070526123047
20 205.0295867919922
21 205.1087646484375
22 205.18789672851562
23 205.38819885253906
24 206.31039428710938
25 206.40176391601562
26 207.03802490234375
27 207.465576171875
28 208.00462099367812
29 208.01675415039062
