0 192.46701049804688
1 193.33995056152344
2 197.23379516601562
3 199.99905395507812
4 201.2236785888672
5 201.29200744628906
6 203.6666717529297
7 203.95333862304688
8 204.48831176757812
9 204.78024291992188
10 205.01632690429688
11 208.1192626953125
12 208.9512176513672
13 209.1536102294922
14 209.1771240234375
15 209.6002655029297
16 210.7772674560547
17 211.46762084960938
18 211.772705078125
19 212.24246215820312
20 213.44525146484375
21 214.17486572265625
22 214.82301330566406
23 215.54855346679688
24 215.98931884765625
25 216.30990600585938
26 216.35487365722656
27 217.58230590820312
28 217.91958515741797
29 218.31419372558594
