0 182.94325256347656
1 183.63534545898438
2 183.97085571289062
3 186.71737670898438
4 186.83642578125
5 189.26858520507812
6 189.58578491210938
7 189.63421630859375
8 191.0165557861328
9 191.09576416015625
10 191.750244140625
11 192.0398712158203
12 192.1420440673828
13 192.87637329101562
14 193.09967041015625
15 193.39593505859375
16 194.11529541015625
17 194.5401611328125
18 194.54855346679688
19 194.65859985351562
20 194.66647338867188
21 194.71678161621094
22 194.8474884033203
23 195.0263671875
24 195.2611083984375
25 195.3832244873047
26 195.8949737548828
27 196.19131469726562
28 196.28794860839844
29 196.52255249023438
