0 221.32965087890625
1 230.71115112304688
2 234.1773223876953
3 236.10818481445312
4 238.9453125
5 242.25357055664062
6 242.5421600341797
7 242.7704315185547
8 242.8135223388672
9 243.44992065429688
10 244.39565020561577
11 244.85638427734375
12 245.03762817382812
13 245.64122009277344
14 246.44036865234375
15 246.7284698486328
16 247.0772705078125
17 247.3046417236328
18 248.027099609375
19 248.19027709960938
20 248.31114196777344
21 248.37457275390625
22 248.43429565429688
23 248.53892517089844
24 250.30691528320312
25 251.24827575683594
26 251.97340393066406
27 252.11451721191406
28 252.23782348632812
29 252.90673828125
