0 231.89671325683594
1 233.0948486328125
2 235.8554229736328
3 241.86947631835938
4 247.42294311523438
5 247.6854248046875
6 250.4381866455078
7 251.5445556640625
8 251.92434692382812
9 251.93804931640625
10 252.81704711914062
11 254.64340209960938
12 255.15420532226562
13 256.7225341796875
14 256.9261779785156
15 257.1385192871094
16 257.99627685546875
17 259.3389892578125
18 259.40075181537696
19 259.876953125
20 259.9324951171875
21 259.9530944824219
22 260.3182067871094
23 260.47467041015625
24 260.902099609375
25 261.46624755859375
26 261.481689453125
27 261.486328125
28 262.042236328125
29 262.69049072265625
