0 216.95359802246094
1 228.86741638183594
2 230.93508911132812
3 233.13507080078125
4 234.0786590576172
5 235.44256591796875
6 235.85501098632812
7 238.72279357910156
8 240.14151000976562
9 240.20611572265625
10 240.57000732421875
11 240.77206420898438
12 241.37991333007812
13 244.921630859375
14 245.54391479492188
15 246.64068603515625
16 247.17529296875
17 247.6857452392578
18 248.001220703125
19 248.08172607421875
20 248.7130584716797
21 248.80438232421875
22 248.99691772460938
23 249.47193908691406
24 249.62017822265625
25 250.20826721191406
26 250.35366821289062
27 250.3961181640625
28 251.24949645996094
29 251.41787719726562
