0 235.0084991455078
1 240.15017700195312
2 241.24322509765625
3 242.8754119873047
4 243.09719848632812
5 247.07916259765625
6 247.23196411132812
7 248.31121826171875
8 250.6595001220703
9 251.0778350830078
10 251.68313598632812
11 252.72048950195312
12 253.5667724609375
13 253.88021850585938
14 256.7535095214844
15 257.55865478515625
16 258.1357421875
17 258.16644287109375
18 258.16644287109375
19 258.3955383300781
20 259.44012451171875
21 260.4792422218704
22 261.2300720214844
23 261.2767333984375
24 261.88592529296875
25 262.01482665646347
26 262.03021240234375
27 262.6622619628906
28 262.8916015625
29 262.9938659667969
