0 140.75930786132812
1 144.3612060546875
2 146.06942749023438
3 154.38267517089844
4 162.07650756835938
5 167.77508544921875
6 168.3496856689453
7 177.6299285888672
8 181.07525634765625
9 181.15383911132812
10 182.24545288085938
11 183.6251220703125
12 184.0159912109375
13 184.20684814453125
14 185.2432861328125
15 187.30108642578125
16 187.4992218017578
17 188.08084106445312
18 188.1867218017578
19 188.30999755859375
20 189.16976928710938
21 190.07461547851562
22 191.10482788085938
23 192.17193603515625
24 192.6680450439453
25 193.21080017089844
26 193.64805603027344
27 193.7745361328125
28 194.9476318359375
29 196.76950073242188
